1.808154
0.768895
1.307077
0.857889
1.574083
0.220903
1.147015
0.495153
1.59192
0.42792
1.129981
0.198991
1.168983
0.740228
1.388904
0.543929
1.322157
0.510815
1.128113
1.078905
0.357989
1.300175
0.097864
1.356016
0.928923
0.828003
1.014116
1.096856
0.906153
0.954971
0.415876
1.225186
0.420831
1.556207
2.181776
1.835153
1.692993
5.439927
1.801078
1.461954
5.985065
1.44304
1.958934
6.102073
1.231855
5.606947
1.604055
2.539064
5.396074
1.606855
1.934053
5.648889
1.775107
5.637074
1.550979
2.382042
5.228007
1.576967
2.380855
5.599112
1.437895
5.599047
2.030125
1.289928
6.162038
1.57601
1.491007
6.496848
1.847157
5.2628
1.645099
1.488908
5.632219
2.048989
1.460961
9.963815
1.355133
1.912093
9.461935
2.050034
5.932822
1.557079
1.385932
5.602975
2.014
1.439001
6.267051
1.436989
5.831043
2.183914
2.067217
4.231821
1.908133
1.997836
1.915217
1.998928
1.987975
2.027883
1.540026
1.96508
2.065885
2.026212
2.258836
1.50401
2.000001
1.952993
2.102131
1.94384
1.613046
1.960093
2.10589
1.971954
1.9871
2.142036
1.727937
2.196098
2.247967
1.489981
2.061041
2.064975
2.032979
1.544016
2.103067
2.339796
1.390098
1.969933
2.106074
1.52108
2.17505
1.509875
2.125915
2.147988
1.638218
2.040912
2.059913
1.421958
2.063151
2.056958
1.375912
2.017105
2.106965
1.436919
2.051011
1.463105
2.087064
1.434012
2.14382
2.071018
1.445171
2.316953
1.455012
2.122018
1.44982
2.111011
2.119111
1.482966
2.160919
1.575074
2.128011
1.452966
2.211965
1.476157
2.152873
1.463111
2.150018
1.486794
2.372192
1.469826
2.186204
1.495965
2.145965
2.137965
1.489058
2.173873
1.495111
2.156065
1.509919
2.201018
1.504919
2.180019
1.526018
2.280113
1.54584
1.764
2.252965
1.565972
2.223012
1.537065
2.244919
1.529064
1.553972
2.216112
1.574018
2.216879
1.550065
1.581065
2.243879
1.529019
2.254071
2.252965
