1 0.462000 0.464000 0.378000
2 0.541000 0.408000 0.398000
3 0.427000 0.488000 0.455000
4 0.473000 0.466000 0.442000
5 0.540000 0.433000 0.388000
6 0.494000 0.479000 0.531000
7 0.521000 0.492000 0.475000
8 0.497000 0.392000 0.440000
9 0.463000 0.416000 0.458000
10 0.496000 0.465000 0.407000
11 0.460000 0.614000 0.492000
12 0.501000 0.411000 0.458000
13 0.518000 0.411000 0.544000
14 0.486000 0.539000 0.524000
15 0.416000 0.390000 0.440000
16 0.401000 0.489000 0.471000
17 0.512000 0.432000 0.431000
18 0.502000 0.443000 0.465000
19 0.470000 0.444000 0.437000
20 0.426000 0.459000 0.398000
21 0.477000 0.414000 0.438000
22 0.405000 0.395000 0.493000
23 0.461000 0.422000 0.401000
24 0.508000 0.462000 0.442000
25 0.492000 0.477000 0.430000
26 0.486000 0.499000 0.426000
27 0.480000 0.474000 0.465000
28 0.446000 0.462000 0.530000
29 0.480000 0.473000 0.427000
30 0.427000 0.492000 0.420000
31 0.444000 0.451000 0.472000
32 0.460000 0.484000 0.479000
33 0.449000 0.517000 0.517000
34 0.481000 0.484000 0.393000
35 0.468000 0.424000 0.434000
36 0.474000 0.500000 0.407000
37 0.453000 0.437000 0.462000
38 0.419000 0.496000 0.475000
39 0.454000 0.454000 0.428000
40 0.434000 0.469000 0.393000
41 0.474000 0.392000 0.420000
42 0.470000 0.472000 0.467000
43 0.499000 0.456000 0.453000
44 0.478000 0.422000 0.453000
45 0.439000 0.406000 0.455000
46 0.473000 0.485000 0.464000
47 0.532000 0.377000 0.469000
48 0.496000 0.418000 0.411000
49 0.482000 0.438000 0.560000
50 0.446000 0.454000 0.470000
51 0.427000 0.466000 0.460000
52 0.480000 0.507000 0.407000
53 0.511000 0.395000 0.472000
54 0.407000 0.448000 0.423000
55 0.433000 0.471000 0.493000
56 0.443000 0.490000 0.462000
57 0.500000 0.435000 0.468000
58 0.433000 0.444000 0.482000
59 0.458000 0.489000 0.413000
60 0.439000 0.421000 0.396000
61 0.427000 0.429000 0.512000
62 0.424000 0.473000 0.481000
63 0.451000 0.490000 0.434000
64 0.524000 0.445000 0.534000
65 0.473000 0.471000 0.500000
66 0.415000 0.543000 0.480000
67 0.488000 0.505000 0.503000
68 0.473000 0.415000 0.514000
69 0.397000 0.419000 0.464000
70 0.519000 0.454000 0.434000
71 0.453000 0.429000 0.452000
72 0.463000 0.426000 0.413000
73 0.506000 0.461000 0.388000
74 0.451000 0.448000 0.451000
75 0.451000 0.484000 0.428000
76 0.441000 0.502000 0.454000
77 0.420000 0.485000 0.499000
78 0.475000 0.409000 0.441000
79 0.463000 0.431000 0.414000
80 0.565000 0.417000 0.479000
81 0.458000 0.444000 0.483000
82 0.504000 0.502000 0.479000
83 0.448000 0.490000 0.405000
84 0.423000 0.482000 0.411000
85 0.468000 0.463000 0.455000
86 0.501000 0.415000 0.394000
87 0.542000 0.491000 0.409000
88 0.467000 0.397000 0.398000
89 0.404000 0.414000 0.558000
90 0.444000 0.439000 0.484000
91 0.489000 0.413000 0.468000
92 0.478000 0.416000 0.425000
93 0.454000 0.437000 0.466000
94 0.512000 0.389000 0.479000
95 0.443000 0.407000 0.436000
96 0.443000 0.481000 0.486000
97 0.431000 0.422000 0.480000
98 0.445000 0.500000 0.456000
99 0.466000 0.408000 0.416000
100 0.410000 0.480000 0.466000
101 0.533000 0.579000 0.478000
102 0.449000 0.433000 0.469000
103 0.428000 0.483000 0.484000
104 0.481000 0.400000 0.453000
105 0.460000 0.438000 0.454000
106 0.453000 0.484000 0.554000
107 0.441000 0.406000 0.461000
108 0.431000 0.498000 0.475000
109 0.429000 0.452000 0.447000
110 0.491000 0.430000 0.413000
111 0.419000 0.510000 0.452000
112 0.455000 0.488000 0.454000
113 0.497000 0.486000 0.396000
114 0.415000 0.481000 0.444000
115 0.448000 0.421000 0.425000
116 0.459000 0.427000 0.496000
117 0.464000 0.445000 0.413000
118 0.439000 0.465000 0.451000
119 0.455000 0.473000 0.450000
120 0.513000 0.505000 0.445000
121 0.411000 0.422000 0.481000
122 0.483000 0.510000 0.436000
123 0.444000 0.396000 0.492000
124 0.405000 0.467000 0.405000
125 0.422000 0.410000 0.441000
126 0.440000 0.434000 0.422000
127 0.506000 0.402000 0.427000
128 0.447000 0.460000 0.423000
129 0.408000 0.404000 0.412000
130 0.454000 0.397000 0.415000
131 0.477000 0.398000 0.435000
132 0.450000 0.475000 0.430000
133 0.449000 0.490000 0.457000
134 0.464000 0.441000 0.468000
135 0.443000 0.465000 0.390000
136 0.477000 0.412000 0.410000
137 0.501000 0.399000 0.463000
138 0.488000 0.418000 0.399000
139 0.516000 0.462000 0.432000
140 0.508000 0.392000 0.488000
141 0.528000 0.473000 0.436000
142 0.515000 0.477000 0.473000
143 0.476000 0.448000 0.468000
144 0.486000 0.454000 0.488000
145 0.403000 0.561000 0.437000
146 0.462000 0.410000 0.411000
147 0.467000 0.501000 0.474000
148 0.546000 0.452000 0.440000
149 0.489000 0.467000 0.489000
150 0.427000 0.416000 0.452000
151 0.456000 0.443000 0.464000
152 0.510000 0.411000 0.458000
153 0.437000 0.461000 0.394000
154 0.478000 0.492000 0.487000
155 0.421000 0.451000 0.404000
156 0.402000 0.474000 0.460000
157 0.401000 0.424000 0.466000
158 0.495000 0.497000 0.489000
159 0.466000 0.425000 0.440000
160 0.481000 0.423000 0.498000
161 0.498000 0.417000 0.425000
162 0.460000 0.424000 0.393000
163 0.526000 0.437000 0.411000
164 0.513000 0.429000 0.413000
165 0.464000 0.473000 0.400000
166 0.457000 0.460000 0.446000
167 0.502000 0.520000 0.452000
168 0.418000 0.406000 0.475000
169 0.469000 0.444000 0.408000
170 0.458000 0.621000 0.452000
171 0.444000 0.427000 0.475000
172 0.464000 0.462000 0.515000
173 0.431000 0.436000 0.449000
174 0.480000 0.456000 0.389000
175 0.441000 0.419000 0.459000
176 0.519000 0.478000 0.396000
177 0.672000 0.510000 0.496000
178 0.533000 0.585000 0.487000
179 0.481000 0.475000 0.460000
180 0.487000 0.475000 0.518000
181 0.471000 0.449000 0.489000
182 0.508000 0.440000 0.454000
183 0.413000 0.470000 0.442000
184 1.386000 0.423000 0.444000
185 0.437000 0.418000 0.490000
186 0.403000 0.414000 0.495000
187 0.514000 0.465000 0.424000
188 0.871000 0.463000 0.489000
189 0.478000 0.442000 0.434000
190 0.486000 0.477000 0.460000
191 0.580000 0.546000 0.487000
192 0.413000 0.763000 0.446000
193 0.445000 0.427000 0.393000
194 0.496000 0.527000 0.436000
195 0.429000 0.481000 0.389000
196 0.503000 0.474000 0.449000
197 0.431000 0.504000 0.504000
198 0.475000 0.481000 0.474000
199 0.510000 0.421000 0.475000
200 0.462000 0.495000 0.433000
201 0.412000 0.420000 0.441000
202 0.453000 0.478000 0.469000
203 0.506000 0.419000 0.393000
204 0.475000 0.457000 0.421000
205 0.427000 0.472000 0.464000
206 0.468000 0.460000 0.491000
207 0.447000 0.482000 0.449000
208 0.625000 0.436000 0.556000
209 0.444000 0.415000 0.463000
210 0.495000 0.457000 0.462000
211 0.442000 0.447000 0.450000
212 0.493000 0.441000 0.434000
213 0.453000 0.467000 0.476000
214 0.465000 0.494000 0.425000
215 0.454000 0.454000 0.440000
216 0.471000 0.465000 0.407000
217 0.513000 0.472000 0.448000
218 0.408000 0.448000 0.440000
219 0.432000 0.435000 0.467000
220 0.408000 0.456000 0.464000
221 0.469000 0.442000 0.505000
222 0.474000 0.439000 0.398000
223 0.478000 0.419000 0.424000
224 0.435000 0.388000 0.436000
225 0.495000 0.473000 0.450000
226 0.446000 0.501000 0.453000
227 0.463000 0.524000 0.386000
228 0.490000 0.438000 0.445000
229 0.424000 0.449000 0.422000
230 0.458000 0.503000 0.410000
231 0.615000 0.500000 0.423000
232 0.443000 0.452000 0.468000
233 0.520000 0.444000 0.488000
234 0.436000 0.436000 0.520000
235 0.458000 0.396000 0.400000
236 0.402000 0.488000 0.447000
237 0.458000 0.452000 0.453000
238 0.432000 0.437000 0.433000
239 0.434000 0.410000 0.463000
240 0.432000 0.398000 0.425000
241 0.459000 0.516000 0.425000
242 0.517000 0.440000 0.462000
243 0.470000 0.441000 0.472000
244 0.514000 0.444000 0.413000
245 0.491000 0.493000 0.463000
246 0.478000 0.418000 0.582000
247 0.396000 0.459000 0.407000
248 0.416000 0.440000 0.408000
249 0.493000 0.433000 0.433000
250 0.476000 0.414000 0.427000
251 0.490000 0.387000 0.490000
252 0.480000 0.470000 0.450000
253 0.442000 0.467000 0.510000
254 0.552000 0.405000 0.448000
255 0.441000 0.467000 0.423000
256 0.469000 0.415000 0.463000
257 0.416000 0.475000 0.857000
258 0.479000 0.490000 0.480000
259 0.481000 0.433000 0.434000
260 0.485000 0.420000 0.481000
261 0.446000 0.477000 0.385000
262 0.426000 0.481000 0.403000
263 0.432000 0.401000 0.407000
264 0.461000 0.414000 0.688000
265 0.547000 0.484000 0.509000
266 0.473000 0.429000 0.482000
267 0.582000 0.444000 0.405000
268 0.448000 0.418000 0.424000
269 0.409000 0.503000 0.449000
270 0.454000 0.530000 0.463000
271 0.413000 0.505000 0.398000
272 0.465000 0.475000 0.500000
273 0.473000 0.566000 0.424000
274 0.415000 0.468000 0.482000
275 0.429000 0.475000 0.428000
276 0.414000 0.497000 0.450000
277 0.422000 0.467000 0.454000
278 0.435000 0.413000 0.470000
279 0.467000 0.476000 0.448000
280 0.453000 0.439000 0.457000
281 0.426000 0.460000 0.437000
282 0.525000 0.423000 0.457000
283 0.438000 0.421000 0.391000
284 0.421000 0.413000 0.481000
285 0.486000 0.426000 0.519000
286 0.514000 0.423000 0.462000
287 0.431000 0.486000 0.392000
288 0.447000 0.423000 0.518000
289 0.429000 0.495000 0.481000
290 0.433000 0.468000 0.470000
291 0.453000 0.441000 0.437000
292 0.472000 0.531000 0.450000
293 0.441000 0.417000 0.476000
294 0.479000 0.470000 0.425000
295 0.482000 0.473000 0.398000
296 0.497000 0.441000 0.430000
297 0.403000 0.415000 0.463000
298 0.423000 0.430000 0.412000
299 0.447000 0.460000 0.419000
300 0.439000 0.448000 0.495000
301 0.456000 0.523000 0.411000
302 0.478000 0.478000 0.448000
303 0.488000 0.467000 0.472000
304 0.435000 0.433000 0.422000
305 0.442000 0.751000 0.477000
306 0.490000 0.485000 0.453000
307 0.483000 0.450000 0.485000
308 0.489000 0.386000 0.466000
309 0.441000 0.473000 0.493000
310 0.437000 0.475000 0.472000
311 0.499000 0.477000 0.538000
312 0.426000 0.418000 0.460000
313 0.507000 0.471000 0.438000
314 0.384000 0.479000 0.397000
315 0.456000 0.400000 0.473000
316 0.458000 0.452000 0.395000
317 0.445000 0.511000 0.476000
318 0.542000 0.435000 0.411000
319 0.502000 0.388000 0.423000
320 0.502000 0.441000 0.441000
321 0.446000 0.437000 0.430000
322 0.494000 0.384000 0.470000
323 0.473000 0.459000 2.293000
324 0.481000 0.427000 0.384000
325 0.483000 0.401000 0.439000
326 0.492000 0.434000 0.483000
327 0.464000 0.393000 0.389000
328 0.496000 0.378000 0.452000
329 0.508000 0.478000 0.386000
330 0.436000 0.415000 0.482000
331 0.497000 0.429000 0.494000
332 0.468000 0.466000 0.684000
333 0.412000 0.401000 0.448000
334 0.572000 0.431000 0.470000
335 0.492000 0.405000 0.492000
336 0.451000 0.423000 0.456000
337 0.439000 0.422000 0.435000
338 0.486000 0.493000 0.768000
339 0.432000 0.515000 0.431000
340 0.423000 0.481000 0.405000
341 0.433000 0.472000 0.398000
342 0.459000 0.430000 0.396000
343 0.443000 0.487000 0.467000
344 0.509000 0.438000 0.439000
345 0.478000 0.553000 0.428000
346 0.465000 0.442000 0.471000
347 0.451000 0.420000 0.424000
348 0.464000 0.386000 0.410000
349 0.465000 0.484000 0.468000
350 0.508000 0.531000 0.470000
351 0.465000 0.425000 0.456000
352 0.455000 0.442000 0.480000
353 0.472000 0.489000 0.465000
354 0.459000 0.403000 0.424000
355 0.479000 0.439000 0.436000
356 0.468000 0.458000 0.444000
357 0.430000 0.530000 0.528000
358 0.488000 0.456000 0.475000
359 0.413000 0.422000 0.498000
360 0.447000 0.458000 0.415000
361 0.506000 0.483000 0.470000
362 0.433000 0.411000 0.430000
363 0.453000 0.462000 0.459000
364 0.491000 0.425000 0.490000
365 0.540000 0.500000 0.440000
366 0.418000 0.443000 0.397000
367 0.489000 0.423000 0.430000
368 0.483000 0.469000 0.479000
369 0.471000 0.414000 0.428000
370 0.531000 0.403000 0.411000
371 0.467000 0.485000 0.471000
372 0.411000 0.666000 0.403000
373 0.525000 0.435000 0.473000
374 0.407000 0.410000 0.431000
375 0.420000 0.474000 0.532000
376 0.453000 0.485000 0.411000
377 0.487000 0.452000 0.414000
378 0.422000 0.421000 0.412000
379 0.443000 0.451000 0.399000
380 0.498000 0.403000 0.419000
381 0.504000 0.515000 0.436000
382 0.476000 0.633000 0.521000
383 0.423000 0.433000 0.455000
384 0.425000 0.498000 0.478000
385 0.513000 0.498000 0.458000
386 0.506000 0.465000 0.389000
387 0.438000 0.505000 0.469000
388 0.536000 0.672000 0.440000
389 0.473000 0.453000 0.484000
390 0.445000 0.456000 0.394000
391 0.562000 0.466000 0.409000
392 0.440000 0.544000 0.393000
393 0.511000 0.394000 0.497000
394 0.455000 0.454000 0.382000
395 0.425000 0.456000 0.481000
396 0.461000 0.407000 0.491000
397 0.528000 0.399000 0.421000
398 0.446000 0.399000 0.482000
399 0.496000 0.396000 0.731000
400 0.502000 0.412000 0.430000
401 0.420000 0.470000 0.420000
402 0.442000 0.480000 0.475000
403 0.459000 0.430000 0.391000
404 0.431000 0.457000 0.394000
405 0.474000 0.443000 0.425000
406 0.515000 0.473000 0.447000
407 0.413000 0.457000 0.474000
408 0.439000 0.457000 0.401000
409 0.488000 0.456000 0.520000
410 0.453000 0.424000 0.472000
411 0.424000 0.537000 0.494000
412 0.456000 0.460000 0.445000
413 0.509000 0.475000 0.412000
414 0.505000 0.461000 0.456000
415 0.476000 0.451000 0.487000
416 0.474000 0.384000 0.447000
417 0.512000 0.424000 0.490000
418 0.430000 0.412000 0.433000
419 0.409000 0.449000 0.429000
420 0.422000 0.439000 0.413000
421 0.537000 0.422000 0.484000
422 0.475000 0.422000 0.417000
423 0.452000 0.433000 0.439000
424 0.519000 0.481000 0.428000
425 0.438000 0.453000 0.452000
426 0.448000 0.468000 0.450000
427 0.489000 0.460000 0.442000
428 0.428000 0.492000 0.425000
429 0.490000 0.473000 0.544000
430 0.505000 0.442000 0.469000
431 0.428000 0.413000 0.455000
432 0.417000 0.451000 0.432000
433 0.422000 0.475000 0.434000
434 0.439000 0.414000 0.495000
435 0.493000 0.453000 0.405000
436 0.483000 0.426000 0.452000
437 0.507000 0.432000 0.443000
438 0.502000 0.430000 0.411000
439 0.428000 0.438000 0.403000
440 0.413000 0.465000 0.396000
441 0.408000 0.469000 0.494000
442 0.487000 0.383000 0.451000
443 0.400000 0.474000 0.433000
444 0.424000 0.383000 0.391000
445 0.483000 0.485000 0.427000
446 0.479000 0.442000 0.450000
447 0.486000 0.487000 0.468000
448 0.451000 0.442000 0.453000
449 0.470000 0.457000 0.498000
450 0.435000 0.431000 0.452000
451 0.452000 0.426000 0.393000
452 0.460000 0.433000 0.420000
453 0.429000 0.416000 0.448000
454 0.495000 0.445000 0.421000
455 0.434000 0.468000 0.432000
456 0.483000 0.430000 0.466000
457 0.446000 0.479000 0.452000
458 0.457000 0.490000 0.431000
459 0.423000 0.488000 0.397000
460 0.480000 0.435000 0.484000
461 0.486000 0.487000 0.419000
462 0.538000 0.494000 0.493000
463 0.549000 0.506000 0.468000
464 0.486000 0.513000 0.448000
465 0.484000 0.398000 0.433000
466 0.812000 0.419000 0.488000
467 0.429000 0.435000 0.442000
468 0.501000 0.417000 0.443000
469 0.434000 0.490000 0.463000
470 0.460000 0.471000 1.288000
471 0.453000 0.389000 0.432000
472 0.488000 0.523000 0.424000
473 0.418000 0.494000 0.502000
474 0.477000 0.476000 0.505000
475 0.494000 0.476000 0.452000
476 0.494000 0.477000 0.490000
477 0.479000 0.492000 0.533000
478 0.565000 0.503000 0.420000
479 0.492000 0.421000 0.428000
480 0.493000 0.403000 0.452000
481 0.423000 0.484000 0.386000
482 0.453000 0.415000 0.435000
483 0.415000 0.422000 0.461000
484 0.429000 0.428000 0.427000
485 0.500000 0.425000 0.474000
486 0.447000 0.491000 0.457000
487 0.558000 0.517000 0.575000
488 0.440000 0.415000 0.460000
489 0.469000 0.404000 0.396000
490 0.462000 0.427000 0.404000
491 0.437000 0.451000 0.522000
492 0.457000 0.399000 0.471000
493 0.415000 0.496000 0.448000
494 0.395000 0.449000 0.443000
495 0.485000 0.406000 0.403000
496 0.439000 0.464000 0.395000
497 0.459000 0.403000 0.468000
498 0.489000 0.438000 0.469000
499 0.494000 0.391000 0.412000
500 0.423000 0.423000 0.410000
501 0.521000 0.387000 0.388000
502 0.434000 0.470000 0.482000
503 0.451000 2.203000 0.387000
504 0.460000 0.474000 0.652000
505 0.396000 0.476000 0.433000
506 0.455000 0.498000 0.470000
507 0.427000 0.428000 0.404000
508 0.411000 0.412000 0.488000
509 0.477000 0.479000 0.503000
510 0.512000 0.421000 0.411000
511 0.421000 0.414000 0.476000
512 0.414000 0.424000 0.453000
513 0.436000 0.493000 0.477000
514 0.434000 0.510000 0.458000
515 0.418000 0.434000 0.494000
516 0.481000 0.441000 0.425000
517 0.464000 0.598000 0.455000
518 0.453000 0.465000 0.531000
519 0.420000 0.431000 0.419000
520 0.392000 0.394000 0.419000
521 0.484000 0.422000 0.406000
522 0.445000 0.428000 0.467000
523 0.449000 0.398000 0.435000
524 0.484000 0.504000 0.447000
525 0.470000 0.472000 0.448000
526 0.461000 0.569000 0.447000
527 0.506000 0.423000 0.466000
528 0.479000 0.501000 0.425000
529 0.421000 0.437000 0.450000
530 0.469000 0.466000 0.425000
531 0.406000 0.470000 0.458000
532 0.443000 0.488000 0.496000
533 0.505000 0.450000 0.495000
534 0.526000 0.514000 0.439000
535 0.466000 0.446000 0.411000
536 0.464000 0.534000 0.466000
537 0.560000 0.462000 0.410000
538 0.436000 0.467000 0.442000
539 0.464000 0.417000 0.801000
540 0.450000 0.419000 0.468000
541 0.473000 0.461000 0.525000
542 0.480000 0.423000 0.460000
543 0.478000 0.458000 0.451000
544 0.467000 0.442000 0.446000
545 0.433000 0.484000 0.486000
546 0.444000 0.472000 0.507000
547 0.413000 0.460000 0.398000
548 0.496000 0.478000 0.400000
549 0.443000 0.482000 0.444000
550 0.420000 0.489000 0.465000
551 0.428000 0.377000 0.455000
552 0.462000 0.437000 0.462000
553 0.472000 0.460000 0.413000
554 0.419000 0.433000 0.434000
555 0.426000 0.483000 0.483000
556 0.477000 0.471000 0.560000
557 0.460000 0.445000 0.395000
558 0.433000 0.519000 0.411000
559 0.439000 0.472000 0.402000
560 0.455000 0.475000 0.465000
561 0.452000 0.454000 0.400000
562 0.453000 0.485000 0.603000
563 0.438000 0.440000 0.444000
564 0.529000 0.417000 0.459000
565 0.511000 0.482000 0.430000
566 0.435000 0.414000 0.412000
567 0.486000 0.464000 0.485000
568 0.501000 0.471000 0.427000
569 0.497000 0.430000 0.422000
570 0.415000 0.395000 0.495000
571 0.446000 0.446000 0.410000
572 0.448000 0.460000 0.463000
573 0.522000 0.448000 0.431000
574 0.490000 0.456000 0.479000
575 0.459000 0.457000 0.449000
576 0.490000 0.480000 0.399000
577 0.436000 0.457000 0.403000
578 0.432000 0.428000 0.384000
579 0.419000 0.440000 0.595000
580 0.453000 0.492000 0.437000
581 0.422000 0.424000 0.441000
582 0.421000 0.450000 0.499000
583 0.456000 0.477000 0.391000
584 0.491000 0.439000 0.446000
585 0.436000 0.455000 0.382000
586 0.441000 0.448000 0.425000
587 0.481000 0.457000 0.401000
588 0.456000 0.400000 0.455000
589 0.463000 0.468000 0.515000
590 0.552000 0.438000 0.418000
591 0.517000 0.459000 0.508000
592 0.492000 0.474000 0.395000
593 0.438000 0.485000 0.423000
594 0.466000 0.409000 0.395000
595 0.394000 0.401000 0.465000
596 0.450000 0.477000 0.414000
597 0.486000 0.442000 0.427000
598 0.435000 0.480000 0.479000
599 0.440000 0.449000 0.454000
600 0.403000 0.455000 0.425000
601 0.412000 0.700000 0.453000
602 0.475000 0.455000 0.420000
603 0.435000 0.425000 0.447000
604 0.518000 0.463000 0.538000
605 0.418000 0.442000 0.398000
606 0.538000 0.392000 0.470000
607 0.510000 0.395000 0.477000
608 0.471000 0.470000 0.449000
609 0.441000 0.465000 0.445000
610 0.451000 0.463000 0.470000
611 0.460000 0.446000 0.410000
612 0.464000 0.404000 0.417000
613 0.512000 0.434000 0.484000
614 0.487000 0.456000 0.459000
615 0.469000 0.476000 0.435000
616 0.456000 0.456000 0.426000
617 0.437000 0.464000 0.454000
618 0.491000 0.462000 0.472000
619 0.446000 0.381000 0.395000
620 0.393000 0.455000 0.489000
621 0.483000 0.464000 0.481000
622 0.478000 0.421000 0.409000
623 0.517000 0.443000 0.530000
624 0.407000 0.521000 0.410000
625 0.443000 0.400000 0.395000
626 0.579000 0.453000 0.437000
627 0.430000 0.497000 0.401000
628 0.425000 0.547000 0.439000
629 0.463000 0.435000 0.409000
630 0.395000 0.457000 0.453000
631 0.432000 0.508000 0.389000
632 0.497000 0.560000 0.414000
633 0.483000 0.380000 0.472000
634 0.471000 0.442000 0.428000
635 0.480000 0.417000 0.495000
636 0.487000 0.431000 0.453000
637 0.420000 0.421000 0.467000
638 0.450000 0.428000 0.465000
639 0.404000 0.442000 0.399000
640 0.481000 0.436000 0.414000
641 0.417000 0.483000 0.455000
642 0.439000 0.470000 0.738000
643 0.444000 0.474000 0.481000
644 0.463000 0.402000 0.463000
645 0.482000 0.382000 0.442000
646 0.416000 0.393000 0.399000
647 0.493000 0.400000 0.451000
648 0.473000 0.424000 0.422000
649 0.474000 0.472000 0.415000
650 0.436000 0.453000 0.434000
651 0.429000 0.438000 0.406000
652 0.412000 0.596000 0.466000
653 0.492000 0.394000 0.465000
654 0.455000 0.448000 0.454000
655 0.430000 0.472000 0.410000
656 0.486000 0.463000 0.459000
657 0.492000 0.450000 0.483000
658 0.487000 0.446000 0.476000
659 0.416000 0.478000 0.505000
660 0.502000 0.467000 0.445000
661 0.422000 0.398000 0.429000
662 0.457000 0.465000 0.500000
663 0.433000 0.475000 0.465000
664 0.487000 0.456000 0.449000
665 0.465000 0.453000 0.403000
666 0.433000 0.493000 0.460000
667 0.480000 0.462000 0.421000
668 0.497000 0.394000 0.387000
669 0.419000 0.462000 0.439000
670 0.497000 0.509000 0.437000
671 0.438000 0.433000 0.471000
672 0.508000 0.477000 0.447000
673 0.635000 0.484000 0.472000
674 0.439000 0.484000 0.488000
675 0.418000 0.445000 0.415000
676 0.519000 0.419000 0.470000
677 0.412000 0.456000 0.421000
678 0.451000 0.419000 0.407000
679 0.459000 0.465000 0.464000
680 0.544000 0.396000 0.474000
681 0.506000 0.421000 0.468000
682 0.456000 0.433000 0.416000
683 0.481000 0.470000 0.469000
684 0.474000 0.419000 0.466000
685 0.430000 0.435000 0.469000
686 0.470000 0.424000 0.468000
687 0.515000 0.402000 0.567000
688 0.466000 0.451000 0.477000
689 0.497000 0.457000 0.425000
690 0.449000 0.403000 0.429000
691 0.409000 0.511000 0.456000
692 0.422000 0.443000 0.402000
693 0.404000 0.463000 0.430000
694 0.522000 0.406000 0.390000
695 0.456000 0.500000 0.487000
696 0.462000 0.440000 0.443000
697 0.445000 0.460000 0.390000
698 0.433000 0.434000 0.458000
699 0.501000 0.463000 0.461000
700 0.503000 0.511000 0.441000
701 0.505000 0.388000 0.453000
702 0.504000 0.482000 0.477000
703 0.444000 0.471000 0.475000
704 0.425000 0.450000 0.476000
705 0.480000 0.394000 0.476000
706 0.457000 0.440000 0.409000
707 0.506000 0.419000 0.448000
708 0.452000 0.407000 0.462000
709 0.491000 0.425000 0.432000
710 0.522000 0.452000 0.463000
711 0.388000 0.420000 0.445000
712 0.458000 0.484000 0.420000
713 0.501000 0.471000 0.396000
714 0.483000 0.475000 0.446000
715 0.493000 0.477000 0.420000
716 0.571000 0.446000 0.459000
717 0.487000 0.473000 0.476000
718 0.514000 0.550000 0.666000
719 0.489000 0.447000 0.415000
720 0.419000 0.428000 0.487000
721 0.455000 0.481000 0.419000
722 0.446000 0.488000 0.425000
723 0.518000 0.510000 0.419000
724 0.460000 0.452000 0.412000
725 0.428000 0.461000 0.476000
726 0.506000 0.472000 0.492000
727 0.403000 0.489000 0.402000
728 0.463000 0.435000 0.476000
729 0.427000 0.476000 0.405000
730 0.449000 0.450000 0.476000
731 0.407000 0.594000 0.477000
732 0.483000 0.427000 0.393000
733 0.503000 0.520000 0.479000
734 0.409000 0.446000 0.453000
735 0.428000 0.451000 0.444000
736 0.436000 0.460000 0.448000
737 0.455000 0.453000 0.402000
738 0.525000 0.403000 0.425000
739 0.471000 0.436000 0.423000
740 0.431000 0.471000 0.423000
741 0.470000 0.453000 0.506000
742 0.458000 0.495000 0.427000
743 0.470000 0.483000 0.437000
744 0.452000 0.453000 0.411000
745 0.427000 0.395000 0.480000
746 0.444000 0.482000 0.396000
747 0.449000 0.489000 0.426000
748 0.506000 0.488000 0.443000
749 0.461000 0.438000 0.425000
750 0.441000 0.445000 0.465000
751 0.427000 0.403000 0.536000
752 0.493000 0.509000 0.448000
753 0.441000 0.405000 0.513000
754 0.502000 0.402000 0.508000
755 0.466000 0.447000 0.436000
756 0.443000 0.465000 0.400000
757 0.447000 0.434000 0.476000
758 0.443000 0.470000 0.464000
759 0.575000 0.425000 0.449000
760 0.485000 0.478000 0.474000
761 0.484000 0.409000 0.428000
762 0.437000 0.436000 0.481000
763 0.558000 0.570000 0.513000
764 0.430000 0.408000 0.439000
765 0.480000 0.398000 0.439000
766 0.477000 0.399000 0.419000
767 0.498000 0.418000 0.474000
768 0.438000 0.421000 0.389000
769 0.433000 0.409000 0.445000
770 0.470000 0.395000 0.440000
771 0.465000 0.461000 0.471000
772 0.444000 0.453000 0.414000
773 0.490000 0.440000 0.458000
774 0.416000 0.402000 0.433000
775 0.450000 0.445000 0.404000
776 0.476000 0.511000 0.458000
777 0.457000 0.424000 0.416000
778 0.514000 0.419000 0.485000
779 0.415000 0.438000 0.458000
780 0.577000 0.461000 0.460000
781 0.470000 0.480000 0.439000
782 0.471000 0.480000 0.406000
783 0.460000 0.411000 0.469000
784 0.455000 0.426000 0.453000
785 0.580000 0.439000 0.438000
786 0.525000 0.429000 0.384000
787 0.414000 0.462000 0.461000
788 0.665000 0.448000 0.396000
789 0.519000 0.463000 0.477000
790 0.444000 0.413000 0.440000
791 0.491000 0.527000 0.434000
792 0.471000 0.402000 0.386000
793 0.472000 0.489000 0.449000
794 0.479000 0.415000 0.482000
795 0.470000 0.393000 0.474000
796 0.403000 0.435000 0.470000
797 0.574000 0.461000 0.436000
798 0.459000 0.472000 0.444000
799 0.553000 0.433000 0.460000
800 0.454000 0.464000 0.462000
801 0.500000 0.508000 0.406000
802 0.452000 0.445000 0.469000
803 0.449000 0.419000 0.457000
804 0.496000 0.444000 0.466000
805 0.484000 0.518000 0.449000
806 0.435000 0.408000 0.473000
807 0.427000 0.441000 0.465000
808 0.443000 0.432000 0.528000
809 0.501000 0.427000 0.461000
810 0.487000 0.478000 0.481000
811 0.478000 0.402000 0.429000
812 0.468000 0.466000 0.436000
813 0.487000 0.450000 0.434000
814 0.441000 0.410000 0.392000
815 0.423000 0.495000 0.463000
816 0.444000 0.501000 0.516000
817 0.415000 0.508000 0.477000
818 0.492000 0.455000 0.410000
819 0.433000 0.408000 0.426000
820 0.534000 0.453000 0.404000
821 0.436000 0.538000 0.481000
822 0.497000 0.452000 0.445000
823 0.462000 0.484000 0.459000
824 0.420000 0.421000 0.398000
825 0.442000 0.435000 0.410000
826 0.426000 0.434000 0.477000
827 0.405000 0.435000 0.488000
828 0.547000 0.404000 0.415000
829 0.481000 0.478000 0.436000
830 0.498000 0.567000 0.377000
831 0.484000 0.419000 0.414000
832 0.449000 0.420000 0.397000
833 0.730000 0.464000 0.464000
834 0.454000 0.408000 0.546000
835 0.518000 0.454000 0.475000
836 0.428000 0.420000 0.471000
837 0.414000 0.569000 0.465000
838 0.480000 0.701000 0.432000
839 0.488000 0.485000 0.446000
840 0.446000 0.475000 0.483000
841 0.430000 0.426000 0.487000
842 0.467000 0.422000 0.405000
843 0.405000 0.404000 0.469000
844 0.451000 0.428000 0.493000
845 0.436000 0.411000 0.461000
846 0.419000 0.476000 0.423000
847 0.469000 0.496000 0.386000
848 0.410000 0.430000 0.576000
849 0.512000 0.461000 0.556000
850 0.496000 0.415000 0.468000
851 0.457000 0.473000 0.464000
852 0.488000 0.562000 0.439000
853 0.726000 0.434000 0.520000
854 0.468000 0.428000 0.779000
855 0.429000 0.520000 0.447000
856 0.493000 0.406000 0.677000
857 0.465000 0.444000 0.439000
858 0.479000 0.455000 0.435000
859 0.410000 0.411000 0.450000
860 0.458000 0.421000 0.432000
861 0.437000 0.447000 0.450000
862 0.487000 0.487000 0.412000
863 0.527000 0.499000 0.388000
864 0.496000 0.428000 0.418000
865 0.468000 0.442000 0.478000
866 0.410000 0.480000 0.485000
867 0.453000 0.493000 0.447000
868 0.457000 0.428000 0.431000
869 0.429000 0.401000 0.466000
870 0.447000 0.476000 0.447000
871 0.437000 0.396000 0.428000
872 0.429000 0.423000 0.436000
873 0.502000 0.431000 0.475000
874 0.478000 0.451000 0.527000
875 0.528000 0.465000 0.448000
876 0.483000 0.408000 0.469000
877 0.474000 0.431000 0.485000
878 0.438000 0.466000 0.390000
879 0.453000 0.404000 0.462000
880 0.509000 0.570000 0.405000
881 0.600000 0.476000 0.419000
882 0.470000 0.418000 0.451000
883 0.416000 0.421000 0.488000
884 0.514000 0.458000 0.456000
885 0.459000 1.865000 0.396000
886 0.452000 0.479000 0.488000
887 0.454000 0.433000 0.432000
888 0.461000 0.430000 0.462000
889 0.428000 0.401000 0.438000
890 0.510000 0.481000 0.404000
891 0.538000 0.441000 0.425000
892 0.454000 0.401000 0.383000
893 0.479000 0.397000 0.748000
894 0.395000 0.421000 0.403000
895 0.449000 0.460000 0.486000
896 0.492000 0.418000 0.408000
897 0.492000 0.461000 0.403000
898 0.465000 0.463000 0.440000
899 0.467000 0.464000 0.394000
900 0.435000 0.421000 0.433000
901 0.456000 0.450000 0.461000
902 0.460000 0.400000 0.447000
903 0.435000 0.415000 0.374000
904 0.404000 0.547000 0.440000
905 0.423000 0.433000 0.441000
906 0.528000 0.445000 0.407000
907 0.497000 0.429000 0.538000
908 0.430000 0.400000 0.448000
909 0.484000 0.497000 0.393000
910 0.483000 0.469000 0.433000
911 0.520000 0.449000 0.419000
912 0.443000 0.436000 0.423000
913 0.490000 0.474000 0.422000
914 0.423000 0.440000 0.442000
915 0.503000 0.524000 0.476000
916 0.476000 0.452000 0.403000
917 0.490000 0.466000 0.510000
918 0.472000 0.440000 0.458000
919 0.448000 0.476000 0.469000
920 0.451000 0.450000 0.592000
921 0.441000 0.407000 0.477000
922 0.434000 0.460000 0.467000
923 0.472000 0.473000 0.500000
924 0.480000 0.480000 0.437000
925 0.497000 0.424000 0.447000
926 0.480000 0.436000 0.471000
927 0.471000 0.420000 0.486000
928 0.424000 0.478000 0.406000
929 0.514000 0.382000 0.426000
930 0.442000 0.466000 0.444000
931 0.471000 0.464000 0.501000
932 0.498000 0.393000 0.464000
933 0.495000 0.466000 0.489000
934 0.440000 0.409000 0.400000
935 0.507000 0.486000 0.421000
936 0.452000 0.473000 0.396000
937 0.459000 0.505000 0.443000
938 0.494000 0.454000 0.432000
939 0.432000 0.454000 0.455000
940 0.595000 0.411000 0.753000
941 0.422000 0.423000 0.451000
942 0.433000 0.483000 0.439000
943 0.573000 0.468000 0.405000
944 0.503000 0.451000 0.454000
945 0.438000 0.459000 0.435000
946 0.483000 0.477000 0.452000
947 0.427000 0.467000 0.620000
948 0.471000 0.444000 0.456000
949 0.501000 0.649000 0.515000
950 0.477000 0.386000 0.468000
951 0.412000 0.513000 0.401000
952 0.443000 0.467000 0.492000
953 0.441000 0.465000 0.440000
954 0.429000 0.493000 0.428000
955 0.626000 0.441000 0.442000
956 0.508000 0.494000 0.411000
957 0.459000 0.467000 0.386000
958 0.522000 0.538000 0.447000
959 0.461000 0.540000 0.461000
960 0.497000 0.531000 0.426000
961 0.409000 0.408000 0.414000
962 0.529000 0.419000 0.379000
963 0.493000 0.390000 0.441000
964 0.516000 0.408000 0.495000
965 0.444000 0.441000 0.398000
966 0.465000 0.384000 0.469000
967 0.439000 0.504000 0.434000
968 0.492000 0.482000 0.445000
969 0.524000 0.454000 0.443000
970 0.437000 0.437000 0.399000
971 0.480000 0.425000 0.500000
972 0.474000 0.489000 0.464000
973 0.464000 0.412000 0.472000
974 0.502000 0.426000 0.468000
975 0.447000 0.440000 0.471000
976 0.507000 0.420000 0.404000
977 0.541000 0.460000 0.435000
978 0.474000 0.433000 0.436000
979 0.495000 0.475000 0.485000
980 0.499000 0.447000 0.471000
981 0.421000 0.491000 0.464000
982 0.468000 0.421000 0.392000
983 0.461000 0.395000 0.435000
984 0.539000 0.528000 0.442000
985 0.437000 0.431000 0.484000
986 0.434000 0.418000 0.451000
987 0.475000 0.453000 0.445000
988 0.431000 0.467000 0.481000
989 0.472000 0.396000 0.497000
990 0.479000 0.504000 0.476000
991 0.561000 0.407000 0.409000
992 0.466000 0.434000 0.536000
993 0.459000 0.444000 0.419000
994 0.438000 0.535000 0.455000
995 0.482000 0.464000 0.449000
996 0.446000 0.477000 0.460000
997 0.445000 0.448000 0.478000
998 0.430000 0.480000 0.446000
999 0.510000 0.435000 0.424000
1000 0.441000 0.496000 0.413000
