12.874604
123.023987
123.977661
156.164169
94.175338
100.135803
92.029572
93.936920
98.228454
99.897385
89.883804
98.943711
102.043152
92.029571
93.936920
95.129014
96.082687
92.983246
96.082687
97.990036
94.890595
95.844269
92.029571
92.983246
99.182129
89.883804
93.936921
93.936920
93.936920
92.029572
97.036362
94.890595
93.936920
97.036362
95.129013
92.983246
90.122222
97.036361
118.017197
126.123428
129.938125
125.169754
125.885010
126.123429
123.977662
123.023986
128.030777
123.977661
129.222870
123.977661
123.023987
123.977662
128.984451
120.878220
123.023987
122.070313
128.030777
128.984452
121.831894
125.885010
123.977661
128.030777
124.931336
124.931335
124.931336
128.030777
123.977661
124.931335
124.931335
77.962876
72.956086
76.055527
74.863434
79.154969
78.916550
72.002411
78.916550
72.002411
72.002411
72.002411
72.956085
74.863434
72.002411
68.902969
68.902969
72.002410
80.108642
70.095063
79.154969
74.148178
76.055527
73.194503
72.956085
71.048737
72.956085
72.956086
73.909760
72.956085
77.962876
78.916549
72.002411
73.909759
74.863434
76.055527
77.962875
71.048736
72.956085
67.949295
72.002411
71.048736
78.201294
77.962875
78.916550
97.036362
92.029572
91.075898
89.168549
93.936920
90.837478
87.976455
88.930130
97.036361
91.075898
91.075897
92.029572
92.983246
97.036362
91.791153
127.077103
87.022782
121.831894
92.029572
97.990036
88.930130
92.029572
92.029571
92.983245
94.175338
93.221664
92.029572
91.075898
87.976456
97.990036
91.075897
72.002411
138.998032
147.104263
144.958496
138.998032
139.951706
142.097474
128.984451
123.977661
129.938125
128.984451
128.984451
129.938125
123.023987
128.030777
131.130218
128.030777
130.176545
123.977661
124.931336
128.030777
130.176544
127.077102
128.984451
128.984451
124.931336
125.885010
128.984451
118.970871
124.931335
128.030777
128.984451
128.030777
123.977661
124.216080
118.970871
123.977661
131.130219
118.970871
127.792359
123.977661
131.130218
129.938125
140.905381
128.984451
129.938125
128.984452
123.977662
123.977662
131.130218
123.023987
124.931335
134.944916
135.183334
123.977661
131.130219
128.984451
129.938125
136.137008
135.898591
128.984451
133.991241
104.188919
133.991242
124.216080
128.984452
133.037567
128.984451
127.077102
126.123429
126.838684
128.030777
128.030777
133.037567
130.891800
125.885009
133.991241
126.838684
128.984451
138.044357
132.083893
130.891800
135.183334
130.891800
128.030777
128.984452
128.030777
126.838684
131.845474
136.852265
131.130219
126.838684
133.037567
132.083892
128.030777
127.077103
128.030777
131.845474
126.838684
130.891800
128.030776
133.991241
133.991242
118.970871
133.037567
105.857849
133.037567
127.077102
133.037567
128.030777
128.984451
131.845474
131.845474
132.083893
129.938125
133.037568
131.845474
125.885010
133.991241
133.991242
128.030777
128.030777
127.077103
133.991242
128.030777
129.938125
132.799149
121.831894
128.030777
128.030777
133.991241
129.222870
128.984452
138.998032
130.176544
123.977662
128.030777
128.030777
123.023987
137.090683
133.037567
132.799148
127.792358
122.070312
133.991242
133.991241
120.878219
128.984451
123.023987
128.984451
127.077103
128.030777
128.984451
128.984451
134.944916
133.037568
128.984451
123.977661
136.852264
123.977661
105.857849
102.043152
102.043152
102.043151
104.904174
128.030777
134.944915
135.183335
128.984452
128.984452
134.944916
133.037567
130.176545
123.023987
128.984451
132.799149
128.984452
128.030777
128.984452
128.984451
123.977661
133.991241
129.938125
134.944915
128.984451
125.169754
119.924545
144.958496
129.938125
129.938126
129.938126
129.938125
129.938125
128.984452
130.891800
136.852265
134.944916
133.991241
127.077103
135.183334
119.924546
139.951706
128.984452
128.984451
130.176544
130.176544
135.183334
122.070312
127.077103
128.030777
123.977662
128.030777
130.891800
123.977661
123.023987
118.970871
128.984451
133.991242
125.169754
126.838684
102.996826
106.096268
102.996826
98.943710
104.188919
134.944916
128.984451
129.222869
124.931336
140.905380
123.977661
133.037567
104.904175
134.944915
128.030777
123.977662
130.176544
126.838684
134.944916
128.030777
123.023987
132.083893
125.885010
125.169754
123.023987
129.938125
123.977661
122.070312
141.859054
129.938125
128.984451
128.030777
124.931335
128.030777
129.222870
91.791153
133.991241
141.143799
144.004821
145.196915
141.859055
140.190124
146.865844
120.878220
131.845475
133.037567
132.799149
129.938126
133.037567
129.938125
127.077103
123.977661
132.083893
122.070312
128.030777
123.023987
127.077103
128.030777
125.169754
127.077103
127.077102
127.077103
123.023986
125.885009
128.030776
129.938125
123.023987
127.077103
122.070312
126.838684
125.885010
128.984452
122.070313
123.023987
122.070313
125.885010
128.030777
127.077102
126.838684
124.931336
128.984451
125.169754
127.077102
127.077103
128.030777
123.023987
128.030777
124.931335
127.077102
130.176545
125.885010
125.885010
127.077102
127.792358
123.977661
126.838684
127.792358
138.044357
121.831894
126.123428
130.891800
128.984451
121.116638
127.077102
125.169754
126.838684
125.885010
128.030777
129.938126
123.023987
122.070313
127.077103
123.023987
128.030777
126.123428
122.070312
127.077103
126.838685
127.077102
123.023987
130.176544
128.030777
127.077103
121.116638
129.938126
123.977661
121.831894
123.977661
127.077102
128.030777
128.030777
126.123428
124.931335
126.838684
129.938125
126.838684
128.030777
123.977661
123.023987
123.977661
124.216080
122.785568
123.977661
124.931336
123.977661
118.970871
123.023987
124.216080
123.023987
118.017196
117.778778
123.023987
124.216080
123.977661
124.931335
122.070313
117.063522
123.977661
129.938126
119.924545
123.977661
122.785569
125.885010
123.023987
124.931335
128.984451
123.977661
124.931335
120.162964
128.984452
123.977661
122.070313
123.977661
123.023987
128.984451
123.023986
118.017196
128.984451
119.924545
136.852264
127.792359
127.077103
123.023986
126.838684
125.169754
126.123429
123.023987
128.984451
125.885010
128.030777
128.984452
123.977661
124.931335
124.931335
133.991241
125.169754
128.984451
132.083893
128.984451
128.030777
128.984452
123.977661
124.931336
124.931336
128.030777
128.030777
128.984451
123.023987
124.931335
128.984451
128.984452
123.977661
128.984452
125.885010
124.931336
128.030777
73.909760
128.984451
125.169754
129.938125
129.222870
128.984451
128.984451
123.977661
123.023987
126.123429
127.077102
128.984451
128.984452
124.931336
129.938126
127.077103
128.984452
123.977661
128.030776
128.030777
123.977661
124.931336
133.991241
122.070313
130.176545
128.984451
128.984451
149.011612
147.104263
139.951706
144.004822
147.104263
142.812729
139.951706
149.011612
146.150589
146.150589
144.958496
127.077103
146.150589
144.958496
142.812729
145.912171
150.918960
144.958496
146.865845
144.958496
144.958496
146.150589
145.912170
147.104263
144.004821
144.958496
144.958496
149.011612
143.051147
143.051147
143.051147
144.004821
144.004822
152.111054
144.958496
141.143799
145.912170
147.104263
143.051147
145.912170
145.196914
144.958496
152.111054
143.051147
144.958496
144.958496
145.912170
144.958496
139.951706
122.070313
145.912171
119.924546
141.143798
140.905380
144.004821
145.912171
143.051147
143.051148
142.097474
146.150589
144.004822
144.004822
149.011612
141.859054
144.958496
144.958496
146.150589
145.912170
150.918960
144.958496
144.004822
145.196915
144.958496
143.051148
144.958497
145.912170
144.958496
144.958496
139.951706
144.004821
146.150589
149.965286
145.912170
142.812729
147.819519
145.912171
144.004821
145.912170
145.912170
144.958496
144.958497
146.865845
150.203705
140.190125
126.838684
126.838684
123.977662
128.030777
123.023987
125.885010
129.938125
126.123428
124.931336
126.123428
123.977662
153.064728
145.912170
141.143799
140.905380
141.859054
138.998032
148.057938
144.958497
147.104263
149.011612
146.150589
146.865845
138.998032
145.912170
145.196914
146.150589
144.004822
145.912170
147.104264
131.130219
146.150589
145.912170
147.819519
145.912171
146.150589
146.150589
147.104263
143.051148
145.912170
146.150589
142.812728
147.104263
123.977662
144.004822
144.958496
143.051147
146.865845
149.011612
145.196914
145.912171
118.970871
119.924545
128.984452
125.169754
123.023987
119.209289
123.977661
120.878220
124.931336
114.917755
119.924545
124.931335
145.912170
149.011612
151.872635
144.004822
147.104263
118.970871
126.123428
119.924545
120.878220
123.977661
123.977661
118.970871
121.116639
118.970871
150.918961
144.958496
144.958496
146.150589
146.150589
144.958496
144.004822
131.130219
144.004822
144.004822
146.150589
142.097473
143.051148
128.984451
128.030777
127.077103
126.123428
128.030777
128.030777
123.023987
128.030777
129.222870
123.977661
128.030777
128.030777
128.030777
125.885010
128.984452
128.030777
123.977661
123.023987
128.030777
125.169754
124.931335
119.924545
123.977661
133.991242
123.977661
123.977661
123.023987
123.023987
127.077103
127.792358
122.070313
127.077102
123.023987
127.077102
127.792358
123.023987
128.030777
128.030777
125.885010
125.169754
138.998032
127.077103
128.030777
128.984451
123.023986
121.831894
122.070312
126.123428
123.023987
127.077103
126.838684
127.792358
125.169754
123.977661
128.030777
122.070312
125.885010
122.070312
128.984451
128.030777
124.931336
123.977661
127.077103
125.169754
128.030777
123.023987
123.977661
121.831894
122.785568
128.030777
128.984452
130.176544
127.077103
123.023986
127.077103
128.030777
125.169754
129.222870
125.885010
128.030777
130.176545
129.938125
124.931335
95.844269
103.950501
128.030777
123.023986
128.030777
122.785568
123.023987
126.123428
126.838684
123.977661
130.176544
127.077103
128.984451
128.030777
123.977661
125.885009
150.918961
127.077103
124.216080
128.030777
127.077103
124.931335
123.977661
127.077103
128.030777
123.023987
133.991241
124.216079
147.819519
146.865844
144.958496
147.104263
141.143799
142.097474
148.057938
148.057937
146.865845
139.951705
145.912170
148.057937
139.951706
145.912170
138.998031
144.958496
147.819520
148.057937
146.865845
113.964081
147.104264
148.057938
145.912170
145.912170
146.865845
147.104264
145.912170
146.865845
145.912170
156.164169
136.137009
130.891800
147.104264
142.097473
146.865845
148.057937
143.051148
147.104264
142.812729
146.865844
142.097474
148.057938
147.104263
147.104263
145.196915
152.826310
146.150589
148.057938
146.150589
145.912170
154.018402
147.819519
145.912170
147.104263
144.958496
147.104263
144.958496
142.812729
153.064728
148.057937
148.057938
147.104263
146.150589
149.011612
148.057938
121.116638
142.097473
149.011612
146.150589
161.170959
146.865845
152.111053
141.143799
144.004822
146.150589
145.196914
150.918961
144.958496
146.150589
146.865845
147.104263
147.104263
95.844269
145.912170
147.104263
145.912170
141.859054
145.196915
148.057938
132.083892
143.051148
144.004822
151.157379
152.111054
146.150589
145.912171
145.912171
145.912171
