1 34.506565
2 45.202383
3 57.321946
4 65.994175
5 74.602197
6 85.885018
7 96.509576
8 104.507783
9 111.320215
10 121.776775
11 134.311773
12 144.685580
13 152.940406
14 164.611033
15 177.129851
16 185.655230
17 196.704971
18 209.362550
19 219.188568
20 231.619833
21 245.669003
22 255.760567
23 268.492011
24 275.898225
25 281.296021
26 286.560971
27 292.193586
28 297.797150
29 304.004419
30 311.682618
31 318.345964
32 324.380599
33 330.947567
34 336.798604
35 343.412563
36 351.592537
37 359.318429
38 367.988388
39 376.159021
40 387.693605
41 398.448840
42 409.430790
43 421.880404
44 432.112611
45 443.304638
46 451.346188
47 458.910006
48 469.427564
49 479.935236
50 494.256204
51 505.037414
52 515.276171
53 524.166396
54 532.797962
55 541.818455
56 553.035625
57 563.399566
58 575.690382
59 584.984380
60 596.849796
61 607.004813
62 617.226248
63 627.249797
64 637.595614
65 647.762602
66 657.617206
67 669.080994
68 679.701020
69 690.125417
70 704.782358
71 720.303223
72 736.024230
73 748.586419
74 764.031417
75 781.477757
76 799.405964
77 816.297419
78 831.209378
79 844.334396
80 859.472645
81 874.772743
82 890.608826
83 903.144994
84 915.664021
85 928.054019
86 942.122567
87 955.060209
88 968.532758
89 983.441042
90 999.101038
91 1017.607570
92 1040.790263
93 1064.642441
94 1084.571411
95 1098.997238
96 1117.898806
97 1134.270966
98 1148.838122
99 1164.513344
100 1181.080997
101 1200.542995
102 1217.904049
103 1232.737792
104 1247.982378
105 1263.200989
106 1279.156796
107 1295.697432
108 1315.525012
109 1335.980752
110 1356.299998
111 1379.470672
112 1397.476642
113 1416.076183
114 1436.708599
115 1453.346588
116 1470.159795
117 1488.591592
118 1509.971761
119 1527.413188
120 1546.485653
121 1564.879791
122 1583.974151
123 1607.791981
124 1629.892948
125 1651.054212
126 1676.203601
127 1704.109389
128 1722.945158
129 1748.661633
130 1773.199155
131 1792.081753
132 1812.048464
133 1831.096410
134 1850.123024
135 1870.196552
136 1889.172737
137 1913.809801
138 1935.175379
139 1954.744603
140 1982.662973
141 2008.869806
142 2034.055470
143 2066.795592
144 2092.070561
145 2114.872026
146 2137.398767
147 2158.919399
148 2183.955178
149 2204.058781
150 2232.270983
151 2255.772941
152 2277.393221
153 2308.008974
154 2339.192761
155 2365.722445
156 2388.580024
157 2410.423031
158 2433.062381
159 2455.657865
160 2479.915787
161 2505.605205
162 2536.894003
163 2569.697753
164 2597.387998
165 2626.061796
166 2657.482337
167 2684.966655
168 2708.521772
169 2732.228959
170 2757.680395
171 2782.198831
172 2806.421254
173 2837.433172
174 2870.374170
175 2894.815363
176 2922.631931
177 2963.261001
178 2997.509818
179 3024.320938
180 3051.944261
181 3078.477582
182 3103.432370
183 3129.027173
184 3161.998996
185 3201.566782
186 3236.041379
187 3267.238777
188 3299.503964
189 3328.507800
190 3356.943981
191 3384.292627
192 3410.854072
193 3444.462404
194 3473.439592
195 3506.630032
196 3541.550229
197 3570.443654
198 3607.247823
199 3636.061525
200 3664.873827
201 3693.946805
202 3722.101412
203 3762.273443
204 3796.837543
205 3834.973368
206 3871.665604
207 3904.253002
208 3934.447839
209 3962.997617
210 3994.494794
211 4023.779381
212 4056.579388
213 4088.459202
214 4124.210789
215 4164.982463
216 4201.554386
217 4241.671955
218 4276.241430
219 4308.458592
220 4341.139400
221 4375.663394
222 4408.968625
223 4446.081422
224 4492.082038
225 4524.638027
226 4554.815367
227 4586.058747
228 4618.084821
229 4648.705029
230 4695.048407
231 4738.510566
232 4776.840421
233 4820.638200
234 4852.401044
235 4885.335985
236 4917.124373
237 4950.125153
238 4985.126389
239 5028.388854
240 5070.710376
241 5129.606585
242 5167.141650
243 5201.935389
244 5235.352015
245 5269.267452
246 5304.078171
247 5356.333178
248 5400.782783
249 5446.786003
250 5483.800955
251 5518.243594
252 5553.069804
253 5592.801419
254 5628.790966
255 5671.204593
256 5709.022180
257 5754.613798
258 5789.381348
259 5824.562204
260 5863.422363
261 5907.775019
262 5953.102580
263 6006.687131
264 6043.427393
265 6084.669583
266 6120.449019
267 6157.064600
268 6196.697992
269 6235.472185
270 6287.435404
271 6328.016998
272 6375.230557
273 6421.089393
274 6462.286612
275 6503.774791
276 6541.935206
277 6586.039595
278 6639.961646
279 6678.225205
280 6717.028774
281 6755.850771
282 6796.520379
283 6838.874212
284 6889.483237
285 6949.707254
286 6991.270795
287 7029.421581
288 7068.090403
289 7110.117801
290 7157.597999
291 7208.709608
292 7264.926034
293 7312.430986
294 7352.526403
295 7393.309987
296 7436.861815
297 7492.109984
298 7551.440286
299 7599.138799
300 7641.534835
301 7685.341839
302 7728.471389
303 7769.543025
304 7819.977837
305 7873.419777
306 7919.490364
307 7960.513191
308 8007.402580
309 8048.832997
310 8107.008120
311 8166.049062
312 8213.722198
313 8256.158169
314 8299.456769
315 8346.669563
316 8390.686240
317 8446.891384
318 8492.952590
319 8549.144832
320 8600.420628
321 8650.966386
322 8693.824007
323 8757.534821
324 8803.705000
325 8847.224217
326 8891.954594
327 8940.886773
328 8985.450609
329 9042.545388
331 9160.202201
332 9207.698405
333 9256.948771
334 9308.819346
335 9362.853575
336 9421.310161
337 9474.050198
338 9520.556640
339 9569.231601
340 9632.469650
341 9694.325808
342 9748.482948
343 9795.556849
344 9847.145045
345 9893.494020
346 9952.590207
347 10010.985375
348 10060.343973
349 10109.435182
350 10166.688167
351 10219.811422
352 10283.200598
353 10345.797250
354 10392.781855
355 10444.311822
356 10492.857806
357 10553.481038
358 10608.397819
359 10660.281174
360 10717.480790
361 10780.061175
362 10827.026592
363 10901.043617
364 10950.594775
365 10999.468771
366 11049.842655
367 11102.591820
368 11161.876415
369 11228.659202
370 11287.874004
371 11340.639219
372 11399.401577
373 11455.666573
374 11521.899796
375 11573.048989
376 11633.811944
377 11688.335197
378 11753.724004
379 11815.160441
380 11881.732557
381 11935.840430
382 11990.982196
383 12050.964220
384 12109.775026
385 12168.319775
386 12223.191785
387 12281.010976
388 12335.353973
389 12397.193617
390 12473.512929
391 12529.159184
392 12586.282549
393 12639.015765
394 12708.812438
395 12766.451803
396 12819.582981
397 12892.442979
398 12950.066780
399 13023.692794
400 13080.194392
401 13135.000742
402 13192.279828
403 13248.178532
404 13322.034846
405 13381.671996
406 13446.864194
407 13507.239586
408 13573.626123
409 13644.523597
410 13702.032784
411 13762.826024
412 13831.238617
413 13897.683769
414 13968.747257
415 14033.259578
416 14095.043668
417 14156.290404
418 14224.845610
419 14288.010592
421 14409.848594
422 14471.821190
423 14539.453827
424 14605.919576
425 14671.088435
426 14733.652946
427 14800.980248
428 14869.777824
429 14928.459374
430 14994.505610
431 15075.270404
432 15153.944237
433 15212.559229
434 15269.422219
435 15333.725157
436 15399.032850
437 15473.935763
438 15532.090013
439 15597.385886
440 15676.123814
441 15747.291591
442 15812.090617
443 15870.238787
444 15942.531792
445 16019.420600
446 16088.902750
447 16162.983232
448 16229.539365
449 16295.682842
450 16372.635362
451 16438.424390
452 16503.934629
453 16563.539394
454 16635.471754
455 16703.282008
456 16776.245272
457 16848.302163
458 16916.976759
459 16992.018242
460 17056.507417
461 17123.603614
462 17200.502595
463 17286.859953
464 17347.746255
465 17414.705439
466 17480.429363
467 17559.160382
468 17627.048421
469 17689.406633
470 17760.348021
471 17850.466973
472 17925.089997
473 17987.262804
474 18055.045798
475 18127.655547
476 18218.626610
477 18282.924453
478 18363.578818
479 18430.646530
480 18514.811179
481 18584.011605
482 18652.940799
483 18719.624197
484 18796.014974
485 18869.034215
486 18945.979796
487 19016.749546
488 19098.086573
489 19173.227519
490 19241.376783
491 19313.519777
492 19410.234621
493 19480.590429
494 19546.686802
495 19616.940377
496 19700.068753
497 19770.852803
498 19837.169593
499 19909.339990
500 20009.136280
501 20085.750784
502 20153.568826
503 20225.304786
504 20315.688187
505 20396.338147
506 20463.142231
507 20542.385188
508 20632.597345
509 20706.121757
510 20779.970620
511 20851.239405
512 20936.394556
513 21011.621762
514 21084.170769
515 21166.475023
516 21256.358628
517 21325.751368
518 21403.643614
519 21472.741194
520 21570.123381
521 21650.574597
522 21724.817767
523 21794.345754
524 21886.871420
525 21955.372770
526 22030.876636
527 22102.546437
528 22202.834640
529 22279.633385
530 22358.227600
531 22441.395586
532 22534.392621
533 22606.722409
534 22687.201766
535 22786.773993
536 22864.385241
537 22940.676407
538 23011.552404
539 23105.275361
540 23178.000197
541 23268.827184
542 23353.425972
543 23439.184008
545 23593.408172
546 23678.362616
547 23766.187175
548 23847.308815
549 23927.804816
550 24020.238985
551 24097.617173
552 24175.420192
553 24257.831360
554 24347.957585
555 24430.753603
556 24509.418181
557 24604.727976
558 24685.234790
559 24766.283195
560 24862.473415
561 24961.042573
562 25044.400160
563 25124.515391
564 25214.810382
565 25295.255980
566 25375.339178
567 25462.800649
568 25560.739622
569 25636.093626
570 25718.847200
571 25809.518220
572 25894.212964
573 25987.168617
574 26071.907001
575 26162.039004
576 26237.326793
577 26319.177010
578 26416.048989
579 26499.704814
580 26594.870574
581 26677.262967
582 26771.412834
583 26858.389811
584 26949.733179
585 27054.352430
586 27136.693005
587 27220.846025
588 27308.755013
589 27401.551790
590 27488.632013
591 27570.151014
592 27674.668581
593 27762.282417
594 27842.270149
595 27941.621604
596 28025.246541
597 28122.052214
598 28207.211593
599 28303.711027
600 28390.315834
601 28470.570349
602 28574.806856
603 28658.866441
604 28753.397826
605 28848.051224
606 28934.813814
607 29022.714180
608 29126.184718
609 29230.697591
610 29325.984846
611 29413.440604
612 29510.097621
613 29596.620946
614 29676.825385
615 29771.769410
616 29870.952012
617 29967.094993
618 30069.912813
619 30157.275846
620 30247.933154
621 30358.290398
622 30447.264595
623 30534.657964
624 30616.164155
625 30721.302390
626 30809.539597
627 30911.710989
628 31011.915004
629 31094.193380
630 31187.157001
631 31301.140995
632 31394.226045
633 31494.680606
634 31592.296560
635 31683.746379
636 31773.269750
637 31865.065790
638 31963.084252
639 32062.140803
640 32167.568228
641 32265.306597
642 32355.348242
643 32444.414184
644 32560.923177
645 32650.385771
646 32735.997003
647 32843.901025
648 32932.458408
649 33036.308150
650 33146.209010
651 33235.244328
652 33329.571210
653 33432.498797
654 33539.107166
655 33643.034031
656 33751.677201
657 33842.422766
658 33934.788569
659 34032.697203
660 34137.024792
661 34230.833767
662 34348.942181
663 34440.427062
664 34532.983640
665 34639.007541
666 34744.999002
667 34837.422148
668 34947.515184
669 35045.446397
670 35140.897251
671 35256.015388
672 35355.986194
673 35450.004753
674 35553.431802
675 35649.684968
676 35756.216772
677 35874.409784
678 35972.419758
679 36067.251609
680 36173.502783
681 36271.341399
682 36369.862968
683 36487.215634
684 36585.985045
685 36681.108581
686 36788.678207
687 36896.414166
688 36994.750354
689 37106.949190
690 37204.178386
691 37301.324156
692 37417.655549
693 37522.034409
694 37624.295798
695 37733.009771
696 37827.686964
697 37930.930374
698 38063.534799
699 38163.775221
700 38265.153607
701 38373.725379
702 38471.336572
703 38577.320197
704 38690.116565
705 38793.542323
706 38902.167186
707 39001.330624
708 39108.476978
709 39234.799185
710 39329.719835
711 39429.523390
712 39545.336090
713 39652.371970
714 39757.830537
715 39869.154241
716 39967.784602
717 40074.819014
718 40198.818183
719 40310.742996
720 40419.902012
721 40528.197584
722 40628.990742
723 40735.235217
724 40841.132001
725 40957.988459
726 41073.189427
727 41171.415415
728 41272.296987
729 41407.212625
730 41511.839802
731 41612.758027
732 41731.667757
733 41843.593555
734 41949.670579
735 42057.545012
736 42167.907162
737 42277.177855
738 42385.755374
739 42510.854371
740 42632.267223
741 42736.217373
742 42844.297767
743 42956.041577
744 43071.742353
745 43188.493226
746 43293.733772
747 43396.890041
748 43520.545020
749 43636.041809
750 43746.371169
751 43861.547200
752 43979.568245
753 44090.732224
754 44202.421010
755 44311.310789
756 44426.714425
757 44527.422542
758 44655.739804
759 44783.110208
760 44893.458406
761 45010.863181
762 45127.112001
763 45229.718567
764 45362.775168
765 45471.714212
766 45580.754350
767 45699.281824
