1 5.007623
2 5.216214
3 5.202028
4 6.812188
5 7.003361
6 7.047838
7 7.074582
8 8.570628
9 8.493754
10 8.637606
11 9.653384
12 10.932861
13 10.959425
14 11.461268
15 11.965570
16 11.841952
17 16.636137
18 17.346014
19 19.005541
20 20.125219
21 21.639595
22 22.220411
23 21.229410
24 22.636794
25 23.144057
26 21.768957
27 21.435619
28 21.550362
29 21.570202
30 21.515549
31 21.918402
32 21.591237
33 21.839784
34 20.275838
35 21.189760
36 19.077989
37 19.627396
38 19.654612
39 19.589205
40 21.397215
41 22.266975
42 23.984631
43 22.370982
44 22.984340
45 21.681045
46 22.924951
47 23.193212
48 22.399794
49 21.471602
50 21.159604
51 20.415573
52 19.630206
53 20.990837
54 21.741994
55 19.644405
56 18.590577
57 18.519141
58 21.938793
59 21.209421
60 21.561734
61 20.123025
62 21.826413
63 22.748838
64 26.168446
65 28.140767
66 27.489834
67 29.429841
68 29.162776
69 28.015630
70 29.982818
71 28.612807
72 28.338631
73 26.503343
74 27.456340
75 26.148842
76 26.595794
77 23.665802
78 22.249186
79 20.093017
80 19.555974
81 16.510413
82 14.208629
83 12.097799
84 9.988986
85 9.496599
86 8.904987
87 8.154223
88 7.877424
89 6.586415
90 5.859790
91 6.213544
92 6.898732
93 6.401831
94 5.935021
95 6.465243
96 6.117378
97 6.604820
98 6.537973
99 5.952837
100 6.544806
101 7.930341
102 8.710788
103 8.765386
104 9.030819
105 8.881973
106 8.500370
107 7.798598
108 9.265993
109 9.566623
110 9.684420
111 9.471014
112 8.986216
113 7.987969
114 15.136220
115 17.213956
116 18.953075
117 21.143726
118 21.576015
119 23.584562
120 24.153166
121 26.238979
122 28.204798
123 27.692219
124 29.125195
125 29.359209
126 32.918975
127 32.739742
128 29.873001
129 29.098169
130 26.351422
131 26.304775
132 25.439385
133 24.879606
134 23.867422
135 24.270963
136 24.555815
137 25.197410
138 24.430803
139 24.330812
140 27.462839
141 29.950039
142 27.955365
143 28.740617
144 28.765032
145 29.316061
146 28.698817
147 30.115768
148 29.670994
149 28.791776
150 29.432002
151 31.240198
152 30.879604
153 28.772618
154 30.251203
155 29.391141
156 30.053809
157 29.402597
158 28.946970
159 29.010754
160 27.049012
161 30.143996
162 30.298358
163 32.824593
164 31.106598
165 33.443035
166 32.337035
167 31.958466
168 32.678603
169 31.355764
170 33.361205
171 32.761592
172 33.454371
173 33.198787
174 31.336757
175 28.638581
176 25.027564
177 23.478810
178 21.792396
179 19.085985
180 17.248031
181 17.421765
182 17.135349
183 16.849227
184 14.817583
185 13.209417
186 16.553032
187 15.010615
188 12.977009
189 12.093015
190 11.169215
191 10.170626
192 9.302032
193 7.245762
194 7.892386
195 7.644188
196 8.507168
197 7.421646
198 9.102771
199 6.292809
200 9.076026
201 9.126027
202 10.048399
203 8.599562
204 11.359202
205 8.366582
206 12.209385
207 9.502549
208 10.543782
209 10.317619
210 12.914611
211 14.595029
212 15.631841
213 18.586417
214 18.976006
215 17.305430
216 17.125805
217 16.915861
218 18.426944
219 20.996589
220 20.135412
221 22.172251
222 18.536826
223 17.201792
224 15.706762
225 15.693634
226 13.501621
227 11.422572
228 12.993577
229 11.710993
230 9.540227
231 11.668811
232 11.728585
233 9.459835
234 8.202744
235 8.414581
236 8.809232
237 7.510824
238 8.214981
239 9.659796
240 7.906432
241 9.669003
242 8.104189
243 7.706608
244 8.320158
245 8.528976
246 8.790410
247 10.165997
248 7.013209
249 10.398759
250 8.251772
251 11.923422
252 9.251993
253 10.047782
254 8.567453
255 11.690812
256 11.902841
257 11.792163
258 13.465184
259 17.484599
260 20.030951
261 22.848233
262 21.670568
263 22.548821
264 22.912358
265 24.667617
266 25.527626
267 24.654431
268 30.954015
269 33.861601
270 33.394424
271 33.808214
272 31.473202
273 29.178975
274 29.403359
275 27.552240
276 28.686391
277 27.590204
278 26.538281
279 25.906763
280 25.133805
281 24.850211
282 23.343433
283 21.666618
284 21.978166
285 22.309835
286 22.660046
287 20.891197
288 19.020585
289 19.192611
290 18.521792
291 19.870407
292 17.379611
293 17.457400
294 17.384423
295 15.372010
296 15.921166
297 15.288382
298 13.804408
299 17.435028
300 19.509423
301 14.878356
302 19.089597
303 15.951215
304 16.625984
305 15.918447
306 15.626135
307 13.859763
308 16.408225
309 19.748794
310 22.782592
311 23.605443
312 21.904411
313 23.510393
314 21.108597
315 25.141984
316 24.864446
317 26.493833
318 24.140233
319 23.484646
320 22.878944
321 20.827978
322 19.555618
323 17.084812
324 16.598755
325 13.539420
326 13.850397
327 10.415426
328 13.516726
329 10.396034
331 8.652655
332 9.242018
333 9.096758
334 9.697196
335 9.087992
336 9.628039
337 9.000153
338 10.590441
339 8.977043
340 11.175982
341 11.432964
342 10.120147
343 11.225149
344 11.648794
345 13.098058
346 15.390424
347 16.127587
348 18.894800
349 18.672820
350 20.601009
351 18.972808
352 23.923975
353 21.354184
354 24.485442
355 21.129395
356 29.193441
357 29.340264
358 33.895615
359 33.888371
360 34.620015
361 36.517781
362 38.096811
363 40.786184
364 42.229645
365 41.067034
366 44.202809
367 42.026832
368 43.172775
369 41.393168
370 39.635231
371 40.586540
372 40.599191
373 38.268469
374 38.141593
375 36.345404
376 36.823417
377 35.321779
378 35.557990
379 35.002183
380 33.361680
381 30.722365
382 31.405345
383 32.056219
384 28.175730
385 29.742355
386 27.759439
387 27.795042
388 25.449371
389 26.311192
390 24.405167
391 21.710026
392 25.043429
393 23.120583
394 21.133786
395 22.485774
396 20.221223
397 23.162856
398 20.922581
399 20.240647
400 21.191569
401 19.113962
402 20.561986
403 22.636389
404 21.307960
405 22.210320
406 20.488839
407 24.127158
408 24.711026
409 23.640813
410 24.073010
411 27.661170
412 25.714003
413 26.959058
414 26.772023
415 26.475568
416 27.920382
417 25.981584
418 26.557011
419 23.925216
421 21.949935
422 18.438574
423 19.165207
424 15.378842
425 11.990839
426 11.439222
427 11.664546
428 10.969155
429 9.906976
430 10.172602
431 8.047578
432 11.643596
433 8.249977
434 12.394411
435 11.969786
436 10.235399
437 13.148644
438 12.792601
439 11.556366
440 15.259393
441 14.313598
442 16.719419
443 17.500613
444 17.423588
445 19.905049
446 17.390017
447 20.683040
448 19.828937
449 21.417400
450 21.936767
451 22.005005
452 22.976016
453 22.702207
454 25.764439
455 27.121204
456 31.121991
457 35.833995
458 35.181605
459 37.002615
460 36.319357
461 36.071437
462 38.365985
463 36.347398
464 37.026785
465 37.220832
466 35.190973
467 34.587811
468 32.588180
469 32.187395
470 29.003383
471 29.688956
472 29.350196
473 26.605796
474 24.685803
475 25.025584
476 26.073636
477 26.490531
478 24.428439
479 23.814971
480 24.339575
481 26.164622
482 23.378222
483 27.424443
484 25.871232
485 29.249841
486 28.249231
487 28.995960
488 27.622202
489 27.434235
490 26.838856
491 26.648594
492 26.823415
493 26.222218
494 24.287410
495 24.198350
496 26.699043
497 24.288974
498 23.743654
499 25.382981
500 24.018972
501 26.438034
502 28.147621
503 25.639393
504 28.602132
505 28.380190
506 28.368388
507 27.698772
508 26.748601
509 32.032609
510 32.082384
511 32.571387
512 31.662770
513 29.741648
514 27.470611
515 24.780190
516 24.583037
517 20.899819
518 17.190801
519 17.524189
520 16.955171
521 16.363601
522 13.142424
523 13.496539
524 14.347430
525 10.292541
526 11.593785
527 11.197624
528 10.248399
529 9.321212
530 12.225360
531 11.299417
532 12.582632
533 10.191004
534 11.761226
535 13.248811
536 10.268962
537 12.320416
538 13.481437
539 15.960625
540 15.945819
541 14.708031
542 14.216398
543 14.797627
545 22.212595
546 23.833018
547 23.136866
548 23.456032
549 22.366000
550 20.324004
551 23.375369
552 23.278161
553 20.007801
554 20.749999
555 28.164596
556 30.235857
557 29.035446
558 28.365096
559 28.944412
560 30.891034
561 26.959626
562 24.026819
563 27.046207
564 24.172388
565 21.702038
566 19.261677
567 21.050553
568 20.975994
569 18.088825
570 15.714863
571 14.729573
572 16.059774
573 14.130587
574 9.802986
575 16.771222
576 15.882035
577 12.582195
578 13.442782
579 17.134598
580 13.694802
581 14.435166
582 19.500604
583 19.353022
584 22.405831
585 26.853588
586 30.313397
587 31.892017
588 32.748240
589 31.196048
590 32.907611
591 31.437211
592 36.882998
593 35.754404
594 33.702599
595 44.013379
596 40.777377
597 39.872805
598 39.928573
599 41.518446
600 41.605442
601 39.783059
602 38.926222
603 37.147210
604 37.189776
605 37.663802
606 36.675398
607 34.648762
608 36.550058
609 33.727951
610 33.272928
611 28.946765
612 28.487430
613 26.089619
614 21.804192
615 23.240601
616 19.819531
617 17.827972
618 20.593791
619 18.066037
620 14.127929
621 16.039412
622 20.271628
623 16.762762
624 13.239393
625 11.843824
626 15.292600
627 13.796588
628 10.400985
629 14.415788
630 13.033189
631 13.673207
632 10.888840
633 12.971630
634 15.155965
635 15.886502
636 12.624873
637 16.771170
638 20.011197
639 23.704330
640 24.133409
641 22.826799
642 19.906962
643 24.720469
644 23.536252
645 22.908384
646 20.148390
647 35.954395
648 34.193607
649 37.513171
650 38.673795
651 36.879186
652 35.719783
653 34.997764
654 35.360773
655 32.998843
656 30.747606
657 32.908809
658 33.544207
659 35.879172
660 33.624817
661 29.276987
662 30.040832
663 29.725429
664 26.379824
665 27.236410
666 24.395416
667 30.018968
668 26.799953
669 26.564797
670 25.263173
671 27.448374
672 28.027392
673 27.431005
674 25.816030
675 23.265413
676 33.883034
677 35.938391
678 35.368549
679 34.306399
680 35.358172
681 42.054358
682 41.687587
683 40.079565
684 39.088603
685 51.395965
686 50.833995
687 53.463555
688 50.331641
689 52.480402
690 51.465559
691 52.981821
692 51.478602
693 51.953440
694 53.978745
695 62.806366
696 61.677973
697 59.927237
698 56.686216
699 52.794379
700 49.013605
701 47.801990
702 45.060211
703 42.987613
704 41.953405
705 39.321207
706 37.699991
707 39.771992
708 38.269434
709 35.176759
710 35.693398
711 36.272999
712 33.282240
713 29.853387
714 27.486425
715 29.301833
716 26.381791
717 28.736413
718 25.110736
719 32.057173
720 28.974423
721 26.370665
722 23.829799
723 27.143260
724 27.663376
725 23.841460
726 33.332181
727 33.208808
728 30.617198
729 31.207417
730 38.653834
731 36.616814
732 34.051455
733 33.615592
734 33.747951
735 30.589818
736 28.686384
737 27.309959
738 24.879167
739 28.424216
740 31.461525
741 28.048065
742 27.882443
743 27.660348
744 28.605758
745 28.429033
746 28.343785
747 29.224633
748 26.925173
749 28.953548
750 35.320401
751 33.507199
752 34.687441
753 33.424373
754 29.995322
755 32.025999
756 30.803772
757 36.642399
758 32.918818
759 35.425208
760 34.740619
761 34.617381
762 30.049947
763 26.650401
764 27.603597
765 26.879202
766 24.945974
767 23.542157
