2 25.647163
3 33.933163
4 38.595915
5 48.160076
6 52.874088
7 64.683914
8 68.130970
9 78.783035
10 86.994886
11 92.804909
12 99.797010
13 106.832981
14 116.205931
15 122.006893
16 123.079062
17 127.623081
18 134.691954
19 139.303923
20 144.097090
21 145.231009
22 158.313990
23 161.872864
24 165.372133
25 170.106888
26 172.662020
27 180.187941
28 183.794022
29 188.505888
30 193.254948
31 195.984125
32 208.462954
33 212.239981
34 215.736866
35 220.698118
36 230.412006
37 235.360146
38 246.137857
39 252.376080
40 260.761023
41 268.094063
42 286.250114
43 292.271852
44 294.676065
45 295.617819
46 302.871943
47 301.429033
48 303.703070
49 306.077957
50 308.461189
51 314.418077
52 318.067074
53 319.288969
54 321.647167
55 321.557999
56 327.661037
57 327.549934
58 328.793049
59 331.124067
60 333.688974
61 334.705830
62 342.142105
63 344.651937
64 347.130060
65 349.509001
66 352.005959
67 381.901979
68 355.816126
69 358.412027
70 359.475136
71 361.947775
72 373.435974
73 373.332024
74 371.958971
75 373.049021
76 376.749992
77 380.565166
78 380.470037
79 382.856846
80 385.229111
81 386.440992
82 394.072056
83 401.735067
84 397.658110
85 398.861885
86 402.654886
87 405.206919
88 406.374931
89 408.873081
90 411.543846
91 411.391973
92 420.699835
93 421.886921
94 424.366951
95 427.047968
96 426.903963
97 430.863857
98 432.256937
99 434.862852
100 438.722134
101 441.431046
102 446.529150
103 447.672129
104 451.686144
105 452.867031
106 456.907034
107 456.760883
108 460.739136
109 463.413000
110 464.756012
111 465.801001
112 472.444057
113 476.533890
114 477.751970
115 480.345964
116 480.317831
117 482.972145
118 486.904144
119 486.860037
120 489.408016
121 489.306927
122 499.284029
123 500.488043
124 504.451036
125 503.008127
126 508.506060
127 508.394003
128 512.707949
129 512.594938
130 516.721964
131 516.628981
132 525.110006
133 529.073954
134 531.864882
135 536.136150
136 540.457010
137 547.824144
138 549.005985
139 553.387880
140 556.271076
141 563.491821
142 576.663971
143 579.463005
144 585.265875
145 589.669943
146 591.136932
147 590.949059
148 595.319033
149 596.682072
150 601.058006
151 600.991011
152 608.424902
153 611.150026
154 612.575769
155 615.407944
156 616.889954
157 619.558096
158 621.127129
159 623.966932
160 625.478983
161 628.170967
162 634.221077
163 638.519049
164 638.351917
165 643.033028
166 644.255877
167 645.678997
168 650.146008
169 650.038004
170 654.540062
171 654.422045
172 662.039995
173 665.050030
174 666.718960
175 666.622877
176 670.783997
177 672.306061
178 675.446987
179 675.156832
180 681.553125
181 679.622173
182 689.033031
183 690.349102
184 693.350077
185 696.501970
186 698.009968
187 699.372053
188 700.855017
189 703.932047
190 705.221891
191 708.847046
192 716.313839
193 717.783928
194 725.582123
195 725.414038
196 725.048065
197 728.327990
198 728.151083
199 732.676983
200 732.609034
201 735.704899
202 741.906166
203 744.951963
204 746.277809
205 746.134043
206 749.379873
207 752.924919
208 754.685879
209 757.617950
210 760.690928
211 760.574102
212 768.365145
213 768.239975
214 774.620056
215 776.082993
216 776.026011
217 779.111147
218 780.647993
219 785.659075
220 785.533905
221 786.814928
222 795.055151
223 806.520939
224 806.401968
225 801.452160
226 802.923918
227 806.034088
228 809.284925
229 810.675144
230 822.372198
231 815.502882
232 822.129965
233 825.385809
234 828.602076
235 836.837053
236 840.048075
237 845.109940
238 850.075006
239 853.284121
240 856.627941
241 863.255024
242 883.835077
243 882.216930
244 883.599997
245 883.492947
246 890.192986
247 888.293982
248 889.961004
249 894.825935
250 894.716024
251 896.258116
252 906.464815
253 906.426191
254 909.520864
255 911.363840
256 912.841082
257 915.999889
258 915.840149
259 919.224024
260 926.506042
261 933.281183
262 947.127819
263 951.915026
264 963.632107
265 963.516951
266 965.090036
267 966.722965
268 973.630905
269 978.387117
270 983.309984
271 986.461878
272 1005.358934
273 1006.948948
274 1010.320902
275 1013.720989
276 1020.615101
277 1023.987055
278 1028.847933
279 1044.481039
280 1044.361115
281 1058.613062
282 1058.483124
283 1056.493044
284 1056.375027
285 1063.436031
286 1061.563969
287 1064.992189
288 1075.745821
289 1079.205036
290 1084.444046
291 1086.186886
292 1095.107079
293 1096.771955
294 1096.643925
295 1100.124121
296 1103.543997
297 1105.247021
298 1106.935978
299 1108.618975
300 1112.112999
301 1112.010956
302 1126.395941
303 1131.654024
304 1136.957169
305 1140.439987
306 1147.541046
307 1152.669907
308 1152.547836
309 1161.498070
310 1165.000200
311 1170.370817
312 1177.632093
313 1179.363966
314 1182.878017
315 1184.590101
316 1186.329842
317 1190.053940
318 1191.787004
319 1191.665888
320 1195.238829
321 1198.873997
322 1206.197977
323 1207.864046
324 1209.610939
325 1211.358070
326 1214.835882
327 1214.725971
328 1218.289137
329 1221.773148
330 1223.427057
331 1225.080967
332 1232.426882
333 1234.179020
334 1237.720013
335 1237.586021
336 1241.083145
337 1244.697809
338 1246.318817
339 1248.065233
340 1249.809980
341 1255.383015
342 1260.851145
343 1262.622833
344 1266.347170
345 1266.236067
346 1269.907236
347 1271.624088
348 1275.330067
349 1277.154922
350 1280.893087
351 1280.767918
352 1288.449049
353 1290.241957
354 1293.915033
355 1295.578003
356 1297.440052
357 1299.257040
358 1303.020954
359 1304.819107
360 1306.649923
361 1308.353901
362 1317.946911
363 1317.707062
364 1321.465015
365 1323.206902
366 1325.062990
367 1326.834917
368 1330.640793
369 1332.522154
370 1332.402945
371 1336.104155
372 1341.891050
373 1347.632170
374 1349.490881
375 1351.356983
376 1353.274107
377 1355.104923
378 1356.954098
379 1360.656977
380 1362.508059
381 1364.388943
382 1372.246027
383 1374.097109
384 1377.943993
385 1381.835938
386 1381.728888
387 1383.656979
388 1387.351990
389 1389.232874
390 1393.288136
391 1393.178940
392 1401.137114
393 1403.058052
394 1404.978991
395 1406.891108
396 1414.902925
397 1422.827005
398 1422.701120
399 1430.739164
400 1432.699919
401 1438.735008
402 1453.090906
403 1457.080126
404 1463.158846
405 1465.142965
406 1466.813087
407 1468.659878
408 1470.641136
409 1474.613905
410 1476.516962
411 1476.385117
412 1486.490965
413 1488.205910
414 1492.199898
415 1494.158983
416 1494.017124
417 1498.013973
418 1499.958038
419 1503.956079
420 1505.908012
421 1509.824991
422 1513.963938
423 1520.169973
424 1520.049810
425 1522.018909
426 1524.037123
427 1526.031971
428 1528.017044
429 1529.831886
430 1538.128853
431 1540.076017
432 1542.021990
433 1543.961048
434 1548.129082
435 1550.177813
436 1552.016020
437 1554.034948
438 1556.032896
439 1558.028936
440 1562.111139
441 1564.100981
442 1570.357084
443 1572.176933
444 1574.023962
445 1578.174114
446 1580.170870
447 1580.048084
448 1584.178925
449 1586.168051
450 1588.174105
451 1592.169046
452 1598.466158
453 1600.465059
454 1606.810093
455 1606.693029
456 1613.054991
457 1608.641863
458 1612.834930
459 1614.721060
460 1616.706848
461 1620.913029
462 1625.129938
463 1629.235029
464 1631.312847
465 1633.372068
466 1637.511015
467 1639.355898
468 1641.422033
469 1641.304016
470 1645.623922
471 1647.731066
472 1656.414986
473 1658.317089
474 1658.219099
475 1662.462950
476 1664.570093
477 1666.702032
478 1668.829918
479 1670.932055
480 1675.273180
481 1677.367926
482 1683.700085
483 1685.894012
484 1687.978029
485 1690.000057
486 1692.102909
487 1696.513891
488 1700.886965
489 1703.011990
490 1707.247972
491 1713.804007
492 1729.398012
493 1733.788967
494 1738.052130
495 1744.668961
496 1749.154091
497 1753.410816
498 1755.622149
499 1757.641077
500 1759.776831
501 1761.870146
502 1770.836830
503 1773.025990
504 1775.188208
505 1774.915934
506 1779.377937
507 1781.494856
508 1783.649921
509 1785.778046
510 1787.923098
511 1790.082932
512 1798.999071
513 1798.743963
514 1803.181887
515 1805.321932
516 1807.495117
517 1811.884165
518 1811.750174
519 1813.880920
520 1818.104982
521 1820.220947
522 1831.562042
523 1835.818052
524 1831.192017
525 1833.318949
526 1835.459948
527 1839.871883
528 1841.874838
529 1843.994141
530 1846.107006
531 1848.266125
532 1871.068001
533 1870.958090
534 1870.835066
535 1870.721817
536 1870.418072
537 1888.972044
538 1886.521101
539 1872.462034
540 1877.027988
541 1876.831055
542 1885.967016
543 1888.012171
544 1890.155077
545 1892.344952
546 1892.236948
547 1898.936033
548 1898.811817
549 1901.074886
550 1903.111935
551 1905.348778
552 1914.608002
553 1916.830063
554 1919.057131
555 1921.288013
556 1925.891161
557 1925.791025
558 1927.827120
559 1930.042028
560 1936.957121
561 1936.828136
562 1943.765879
563 1945.947170
564 1950.551987
565 1964.776993
566 1964.479923
567 1959.542036
568 1959.419012
569 1959.302902
570 1961.596012
571 1963.786840
572 1970.857143
573 1973.134995
574 1975.265026
575 1979.995012
576 1982.275009
577 1984.563112
578 1986.894846
579 1989.161015
580 1993.902922
581 1998.649120
582 2015.255928
583 2019.827843
584 2026.896000
585 2029.206991
586 2033.915043
587 2041.002989
588 2043.335915
589 2048.103094
590 2050.187111
591 2052.448034
592 2057.102919
593 2061.664104
594 2068.809986
595 2068.686962
596 2068.566799
597 2070.639849
598 2080.296040
599 2082.629204
600 2082.505941
601 2084.866047
602 2089.629889
603 2094.402075
604 2094.283819
605 2096.553802
606 2098.923922
607 2101.287842
608 2103.606939
609 2105.967045
610 2108.295918
611 2108.112812
612 2117.794037
613 2122.407913
614 2122.279882
615 2124.615192
616 2126.950026
617 2129.297972
618 2131.684065
619 2134.052038
620 2136.439085
621 2138.858080
622 2148.523808
623 2150.707006
624 2153.043032
625 2155.384064
626 2165.194988
627 2165.077925
628 2164.952040
629 2164.688110
630 2167.017221
631 2169.424057
632 2184.389830
633 2181.795120
634 2181.677103
635 2184.072018
636 2186.465025
637 2188.687086
638 2191.072226
639 2193.495989
640 2198.474884
641 2200.801849
642 2208.255053
643 2210.701942
644 2213.169098
645 2215.445042
646 2217.888832
647 2222.877026
648 2222.754002
649 2225.219965
650 2227.595091
651 2232.646942
652 2237.743139
653 2242.609978
654 2242.478848
655 2244.940042
656 2247.388840
657 2249.850988
658 2252.299070
659 2254.749060
660 2257.247925
661 2259.604931
662 2267.210960
663 2269.677877
664 2272.130966
665 2274.598837
666 2277.074099
667 2279.527187
668 2284.544945
669 2289.573908
670 2291.872978
671 2299.389839
672 2317.439079
673 2319.897890
674 2324.959040
675 2330.010891
676 2335.125923
677 2337.610006
678 2345.169067
679 2345.048904
680 2344.917059
681 2347.509861
682 2352.746964
683 2355.293989
684 2360.476017
685 2365.485907
686 2365.351915
687 2367.918015
688 2370.496988
689 2373.059034
690 2375.574112
691 2378.123999
692 2386.092901
693 2385.987043
694 2388.406038
695 2393.563032
696 2393.439054
697 2396.001816
698 2398.535013
699 2401.018143
700 2403.500795
701 2406.124115
702 2413.764954
703 2418.941021
704 2421.500921
705 2424.034119
706 2426.616907
707 2429.205179
708 2439.821959
709 2431.668043
710 2442.065954
711 2441.940784
712 2447.165966
713 2452.547789
714 2452.425957
715 2455.032110
716 2457.636118
717 2460.273027
718 2462.711811
719 2465.306044
720 2467.883825
721 2470.497131
722 2475.847960
723 2478.459120
724 2481.066227
725 2483.693838
726 2486.310005
727 2488.750935
728 2491.302013
729 2493.931055
730 2496.515036
731 2499.122858
732 2506.983995
733 2509.433985
734 2509.310007
735 2514.691114
736 2517.333984
737 2519.924879
738 2522.578955
739 2525.161982
740 2527.462006
741 2532.842159
742 2535.458088
743 2543.628931
744 2543.504000
745 2548.931122
746 2546.055079
747 2548.717022
748 2551.363945
749 2553.952932
750 2556.611061
751 2559.304953
752 2567.537069
753 2567.409992
754 2575.721025
755 2584.079981
756 2592.338085
757 2592.044115
758 2597.413063
759 2602.814198
760 2608.258009
761 2613.713026
762 2627.651930
763 2630.345821
764 2632.838011
765 2635.529995
766 2635.406017
767 2638.090134
768 2640.789986
