10 42.454478 88.597940 32.835037 13.220631
20 76.905596 117.078999 57.196058 18.653708
50 243.509301 312.189010 191.842098 35.517680
100 787.687655 932.567042 640.906923 75.317457
150 1672.286041 1915.396894 1194.324079 187.797987
200 2670.505299 3233.456054 1946.750984 456.203894
300 5711.039604 6927.322955 4007.986962 1127.017519
400 9515.947042 11990.368105 6760.522082 1833.455925
500 13059.244113 18500.979078 10234.273080 2925.746237
600 20875.485597 26499.104889 14566.359910 4521.197761
700 24114.283237 34878.821951 19484.993936 5310.315740
