0.009000 0.000017
0.010000 0.000033
0.011000 0.000450
0.012000 0.007967
0.013000 0.013933
0.014000 0.106567
0.015000 0.711917
0.016000 0.971550
0.017000 0.990317
0.018000 0.993300
0.019000 0.994017
0.020000 0.994400
0.021000 0.994583
0.022000 0.994733
0.023000 0.994800
0.024000 0.994817
0.025000 0.994917
0.026000 0.994950
0.027000 0.995067
0.028000 0.995133
0.029000 0.995200
0.030000 0.995267
0.031000 0.995317
0.033000 0.995383
0.034000 0.995467
0.035000 0.995567
0.036000 0.995700
0.037000 0.995867
0.038000 0.995983
0.039000 0.996067
0.040000 0.996167
0.041000 0.996200
0.042000 0.996233
0.043000 0.996250
0.044000 0.996267
0.045000 0.996283
0.046000 0.996333
0.047000 0.996350
0.048000 0.996400
0.049000 0.996467
0.051000 0.996483
0.054000 0.996533
0.055000 0.996583
0.056000 0.996600
0.057000 0.996633
0.061000 0.996650
0.062000 0.996667
0.064000 0.996683
0.065000 0.996717
0.066000 0.996733
0.067000 0.996800
0.069000 0.996833
0.071000 0.996867
0.072000 0.996933
0.073000 0.996967
0.074000 0.997000
0.075000 0.997083
0.076000 0.997100
0.077000 0.997133
0.078000 0.997167
0.084000 0.997200
0.092000 0.997217
0.093000 0.997250
0.094000 0.997283
0.095000 0.997300
0.096000 0.997317
0.097000 0.997400
0.098000 0.997450
0.099000 0.997500
0.100000 0.997517
0.101000 0.997567
0.102000 0.997600
0.103000 0.997633
0.107000 0.997650
0.117000 0.997667
0.118000 0.997700
0.119000 0.997717
0.126000 0.997733
0.216000 0.997750
0.219000 0.997767
0.221000 0.997783
0.243000 0.997817
0.244000 0.997850
0.246000 0.997867
0.247000 0.997900
0.248000 0.997917
0.250000 0.997933
0.251000 0.997950
0.252000 0.998033
0.253000 0.998050
0.255000 0.998067
0.271000 0.998083
0.275000 0.998100
0.278000 0.998117
0.364000 0.998133
0.427000 0.998150
0.442000 0.998167
0.450000 0.998183
0.452000 0.998200
0.468000 0.998217
0.495000 0.998233
0.497000 0.998250
0.530000 0.998267
0.541000 0.998283
0.548000 0.998300
0.549000 0.998317
0.556000 0.998333
0.557000 0.998350
0.584000 0.998367
0.658000 0.998383
0.684000 0.998400
0.715000 0.998417
0.735000 0.998433
0.738000 0.998450
0.749000 0.998467
0.804000 0.998483
0.824000 0.998500
0.894000 0.998517
0.918000 0.998533
0.948000 0.998550
0.955000 0.998567
0.983000 0.998583
0.985000 0.998600
0.990000 0.998617
0.996000 0.998633
1.018000 0.998650
1.030000 0.998667
1.032000 0.998683
1.072000 0.998700
1.116000 0.998717
1.144000 0.998733
1.172000 0.998750
1.179000 0.998767
1.194000 0.998783
1.216000 0.998800
1.260000 0.998817
1.281000 0.998833
1.352000 0.998850
1.381000 0.998867
1.441000 0.998883
1.452000 0.998900
1.471000 0.998917
1.478000 0.998933
1.508000 0.998950
1.521000 0.998967
1.523000 0.998983
1.558000 0.999000
1.562000 0.999017
1.581000 0.999033
1.631000 0.999050
1.638000 0.999067
1.652000 0.999083
1.683000 0.999100
1.693000 0.999117
1.744000 0.999133
1.809000 0.999150
1.942000 0.999167
1.969000 0.999183
1.996000 0.999200
1.997000 0.999217
2.002000 0.999233
2.016000 0.999267
2.052000 0.999283
2.078000 0.999300
2.081000 0.999317
2.109000 0.999333
2.147000 0.999350
2.148000 0.999367
2.181000 0.999383
2.267000 0.999400
2.440000 0.999417
2.443000 0.999433
2.449000 0.999450
2.452000 0.999467
2.508000 0.999483
2.516000 0.999500
2.517000 0.999517
2.539000 0.999533
2.543000 0.999550
2.544000 0.999567
2.580000 0.999583
2.605000 0.999600
2.614000 0.999617
2.728000 0.999633
2.936000 0.999667
2.965000 0.999683
2.986000 0.999700
3.001000 0.999717
3.007000 0.999733
3.017000 0.999750
3.037000 0.999767
3.068000 0.999783
3.187000 0.999800
3.435000 0.999817
3.438000 0.999850
3.468000 0.999867
3.489000 0.999883
3.647000 0.999900
3.967000 0.999917
4.079000 0.999933
4.571000 0.999950
5.030000 0.999967
5.486000 0.999983
5.939000 1.000000
