10 33.990794 42.850094 25.504024 5.842062
20 54.120811 60.240014 48.757057 4.837599
50 127.408804 141.193929 112.095922 9.952970
100 260.569188 267.387084 245.648935 7.731678
150 427.476203 490.508106 385.030882 48.881482
200 550.955615 597.104003 517.250022 26.291856
300 844.592014 916.283015 817.378034 36.357630
400 1199.811224 1242.929103 1169.673077 33.888657
500 1540.049556 1597.220887 1503.887004 38.454576
600 1963.725564 1984.278975 1949.887014 12.062981
700 2362.684968 2371.276007 2354.452885 6.891958
