1 4.895081
2 6.104957
3 6.202900
4 6.184896
5 6.327991
6 6.359980
7 5.108108
8 5.003077
9 6.361113
10 6.324102
11 7.496044
12 7.370033
13 7.288062
14 7.083973
15 6.914920
16 6.954918
17 8.135019
18 7.987089
19 8.188067
20 14.207895
21 9.731112
22 11.105094
23 8.621109
24 9.046992
25 9.639027
26 8.927917
27 9.512993
28 8.716015
29 9.705037
30 9.295913
31 9.953019
32 9.823082
33 9.191064
34 9.764923
35 15.456919
36 14.523086
37 12.492909
38 10.654116
39 11.088945
40 10.553075
41 10.935934
42 11.432988
43 9.793957
44 11.291071
45 10.730100
46 11.556022
47 12.096055
48 10.241070
49 12.153101
50 17.722950
51 17.260073
52 19.433995
53 12.789997
54 12.516902
55 13.187970
56 12.833091
57 13.032053
58 13.004975
59 13.105030
60 13.296059
61 13.318113
62 13.540075
63 12.348044
64 13.569105
65 30.656083
66 33.089981
67 31.985097
68 24.400020
69 15.786942
70 14.891003
71 15.019882
72 15.210089
73 15.411899
74 15.764006
75 15.060975
76 16.671992
77 17.118993
78 31.798995
79 48.408964
80 66.432984
81 91.439082
82 90.505018
83 92.491893
84 86.631901
85 80.673950
86 75.007069
87 71.473945
88 68.226900
89 61.317908
90 56.855011
91 52.502072
92 49.275900
93 46.294016
94 39.454077
95 36.778886
96 47.399933
97 57.677996
98 80.384956
99 77.605095
100 74.898103
101 70.691118
102 68.105027
103 66.816035
104 62.888097
105 60.315932
106 57.343064
107 55.988051
108 54.490062
109 51.559984
110 50.191072
111 48.673910
112 65.035979
113 78.812067
114 77.666083
115 76.771911
116 74.237928
117 74.688044
118 73.706929
119 73.618007
120 80.057922
121 81.210889
122 79.110033
123 81.445988
124 80.620995
125 91.558096
126 114.288965
127 117.740025
128 120.365986
129 121.451014
130 122.743015
131 125.417924
132 128.224078
133 129.640052
134 129.796109
135 131.611058
136 150.650019
137 160.948928
138 189.400890
139 191.341945
140 194.679939
141 199.837941
142 201.512942
143 203.483930
144 211.591888
145 213.445925
146 218.192074
147 220.887096
148 224.293020
149 252.717991
150 266.246092
151 272.658954
152 277.563904
153 280.961012
154 286.232927
155 292.637883
156 297.533042
157 302.221012
158 307.018032
159 315.198922
160 341.649030
161 359.609103
162 364.165016
163 373.165065
164 378.339907
165 383.240034
166 390.035934
167 424.499041
168 476.706950
169 525.563981
170 532.286902
171 541.491929
172 549.352993
173 559.869048
174 565.562963
175 573.409882
176 584.266932
177 591.870998
178 627.279051
179 642.418006
180 648.883074
181 660.352940
182 667.669963
183 678.109004
184 686.853991
185 694.132111
186 705.264118
187 731.829934
188 757.248082
189 768.718949
190 775.799891
191 790.634040
192 796.802994
193 810.186996
194 822.274089
195 831.987038
196 859.874935
197 887.974071
198 898.056994
199 911.760088
200 921.488925
201 931.827078
202 948.316036
203 960.374113
204 973.946021
205 1015.624929
206 1032.145092
207 1043.504896
208 1057.371946
209 1071.161983
210 1081.366072
211 1097.457047
212 1111.874026
213 1140.386935
214 1171.002010
215 1185.645963
216 1199.968921
217 1214.081015
218 1228.458116
219 1242.386057
220 1258.181104
221 1289.580998
222 1320.217985
223 1335.385025
224 1349.150929
225 1363.400968
226 1408.220026
227 1475.712938
228 1527.531948
229 1542.967979
230 1559.559903
231 1574.632956
232 1591.424920
233 1607.839924
234 1624.854920
235 1673.639971
236 1689.193036
237 1707.742936
238 1725.114927
239 1742.421102
240 1759.146928
241 1776.633975
242 1811.557070
243 1845.215039
244 1865.375924
245 1881.367040
246 1897.284048
247 1918.496896
248 1936.430909
249 1994.139917
250 2033.156008
251 2049.863944
252 2070.489104
253 2090.895052
254 2111.290096
255 2128.290908
256 2162.422051
257 2202.342968
258 2222.755926
259 2250.234038
260 2274.183949
261 2294.191971
262 2314.856075
263 2367.583946
264 2386.468007
265 2410.188912
266 2428.605907
267 2454.158104
268 2476.540905
269 2504.294976
270 2553.610024
271 2578.422910
272 2600.671044
273 2644.064021
274 2720.899018
275 2777.793037
276 2804.039047
277 2826.837012
278 2849.859033
279 2873.094008
280 2894.312904
281 2953.873023
282 2977.130066
283 3000.332953
284 3023.777925
285 3050.749923
286 3073.994891
287 3127.910002
288 3157.275985
289 3184.952050
290 3210.188011
291 3237.807987
292 3263.977928
293 3321.503041
294 3347.074938
295 3374.339119
296 3399.939012
297 3423.177945
298 3452.551008
299 3512.160112
300 3541.555884
301 3567.425033
302 3591.359959
303 3620.955027
304 3646.429077
305 3708.179909
306 3734.218914
307 3760.297040
308 3793.676117
309 3819.920959
310 3853.847976
311 3911.269945
312 3938.041949
313 3964.868953
314 4013.488056
315 4115.431025
316 4164.322001
317 4194.768100
318 4225.347960
319 4253.815104
320 4282.824080
321 4347.226070
322 4376.702074
323 4405.801961
324 4438.635939
325 4467.473003
326 4514.907921
327 4562.147055
328 4593.475023
329 4624.697974
331 4684.906087
332 4748.937918
333 4783.557088
334 4813.153076
335 4845.910916
336 4876.567021
337 4936.952045
338 4973.806049
339 5007.130051
340 5038.793935
341 5071.959881
342 5159.585065
343 5192.849013
344 5222.938049
345 5258.653907
346 5288.912090
347 5349.203899
348 5390.896062
349 5432.765912
350 5464.749885
351 5577.978074
352 5648.636067
353 5694.399022
354 5728.996889
355 5765.627083
356 5834.377894
357 5867.211888
358 5901.923090
359 5938.578977
360 5974.945941
361 6043.868091
362 6078.521059
363 6115.053040
364 6149.307940
365 6185.888891
366 6254.399914
367 6290.961965
368 6327.450050
369 6366.299028
370 6403.429040
371 6473.474118
372 6512.364036
373 6553.488052
374 6591.305885
375 6636.733948
376 6700.104973
377 6737.854098
378 6779.674005
379 6817.680932
380 6879.189041
381 6926.973955
382 6965.212059
383 7005.394072
384 7125.005954
385 7199.084111
386 7239.948993
387 7278.925049
388 7321.811896
389 7394.747101
390 7434.161047
391 7471.545071
392 7513.318883
393 7574.400053
394 7627.712005
395 7660.954916
396 7693.169012
397 7725.300963
398 7781.620888
399 7826.004936
400 7857.992960
401 7894.255094
402 7926.518999
403 7973.079003
404 8023.069970
405 8055.468938
406 8089.649107
407 8121.776065
408 8176.324021
409 8224.506934
410 8258.466075
411 8292.608989
412 8326.582020
413 8372.589086
414 8424.763953
415 8459.276950
416 8495.755007
417 8531.580019
418 8677.528116
419 8722.343895
421 8791.875059
422 8857.585958
423 8900.939087
424 8938.292905
425 8975.318943
426 9009.982079
427 9073.979882
428 9113.803905
429 9150.928981
430 9188.505884
431 9230.599966
432 9293.109066
433 9330.511920
434 9368.464063
435 9406.224931
436 9464.888934
437 9509.083070
438 9549.097913
439 9587.023096
440 9624.528924
441 9691.723888
442 9729.992913
443 9770.193011
444 9806.143907
445 9850.378966
446 9913.265882
447 9955.536893
448 9997.465084
449 10035.423971
450 10117.539999
451 10205.974059
452 10253.029052
453 10291.918977
454 10361.098886
455 10399.970987
456 10440.859002
457 10479.958946
458 10550.787008
459 10593.967091
460 10635.151107
461 10676.897905
462 10729.214945
463 10793.120060
464 10836.928050
465 10876.571927
466 10918.814976
467 10990.964025
468 11034.721928
469 11074.486985
470 11118.982029
471 11175.767014
472 11230.766970
473 11272.508072
474 11314.552992
475 11360.963934
476 11431.131897
477 11473.037038
478 11521.889075
479 11561.482896
480 11635.922092
481 11703.771918
482 11792.264014
483 11862.600998
484 11905.475902
485 11950.369020
486 11995.706004
487 12049.660117
488 12134.282078
489 12179.580068
490 12224.381039
491 12284.804977
492 12341.228962
493 12386.810072
494 12436.889071
495 12497.919048
496 12559.550893
497 12603.413037
498 12651.470946
499 12713.354082
500 12779.829033
501 12825.664904
502 12874.203063
503 12922.667907
504 12995.219963
505 13038.929101
506 13087.367966
507 13133.513950
508 13210.617895
509 13285.497090
510 13375.980059
511 13451.202983
512 13499.638112
513 13545.594023
514 13596.587954
515 13674.085996
516 13720.576118
517 13769.179016
518 13819.822896
519 13894.737941
520 13943.159021
521 13992.009012
522 14040.678942
523 14117.898936
524 14166.532000
525 14216.976995
526 14265.443926
527 14351.741015
528 14404.281976
529 14454.693981
530 14520.009944
531 14580.936039
532 14631.897909
533 14680.948913
534 14754.634924
535 14808.570972
536 14882.820049
537 14999.923887
538 15061.322016
539 15118.160926
540 15168.203101
541 15246.008039
542 15298.743964
543 15351.073986
545 15481.911094
546 15532.529057
547 15585.408968
548 15642.979966
549 15721.232909
550 15776.149886
551 15847.061936
552 15929.629013
553 15980.148054
554 16035.412970
555 16088.225119
556 16177.917898
557 16231.116914
558 16288.517918
559 16352.887061
560 16424.065950
561 16477.180930
562 16587.058047
563 16685.363114
564 16738.893983
565 16792.517106
566 16873.940062
567 16930.388112
568 16990.828014
569 17042.455951
570 17127.174955
571 17183.789959
572 17235.991910
573 17309.610059
574 17383.091891
575 17437.699963
576 17494.814932
577 17577.548945
578 17636.966910
579 17694.187025
580 17762.957915
581 17834.679885
582 17891.736885
583 17946.605004
584 18031.796032
585 18091.245967
586 18148.317072
587 18228.853946
588 18362.951959
589 18422.282016
590 18486.225901
591 18564.278997
592 18621.123996
593 18680.419051
594 18765.397066
595 18822.335007
596 18880.038904
597 18966.498968
598 19038.573051
599 19096.578980
600 19154.606974
601 19243.598927
602 19299.657916
603 19360.462891
604 19440.689972
605 19504.348017
606 19565.514885
607 19626.550895
608 19735.748941
609 19796.750897
610 19855.352108
611 19976.780028
612 20081.167115
613 20140.076030
614 20230.259955
615 20289.256972
616 20359.961946
617 20452.615020
618 20516.204905
619 20578.372102
620 20646.986074
621 20729.913097
622 20791.578907
623 20853.147096
624 20943.431999
625 21002.223986
626 21065.805052
627 21158.166082
628 21222.790104
629 21285.279987
630 21357.451099
631 21437.512005
632 21500.361969
633 21563.404059
634 21687.643079
635 21787.648919
636 21877.728937
637 21941.344039
638 22007.770073
639 22093.069111
640 22168.415106
641 22231.704998
642 22297.551988
643 22388.624991
644 22455.124021
645 22518.739032
646 22610.062895
647 22676.197084
648 22742.969889
649 22837.784035
650 22902.616999
651 22967.283059
652 23059.758058
653 23127.112918
654 23192.435926
655 23270.221914
656 23352.673112
657 23488.219925
658 23583.990076
659 23669.359980
660 23736.844886
661 23829.802020
662 23897.409969
663 23965.082093
664 24065.914912
665 24130.950038
666 24201.271087
667 24296.542978
668 24366.775102
669 24437.031984
670 24532.613060
671 24600.109897
672 24665.663093
673 24763.652000
674 24833.699959
675 24901.489022
676 24997.770079
677 25066.394009
678 25208.966945
679 25315.488911
680 25384.661100
681 25451.614978
682 25551.594971
683 25618.624967
684 25688.084056
685 25788.068110
686 25857.564976
687 25924.917072
688 26028.450023
689 26098.452032
690 26168.561883
691 26266.793048
692 26339.492952
693 26406.426006
694 26507.027016
695 26576.943025
696 26649.382038
697 26748.120953
698 26854.052899
699 26991.328882
700 27063.531082
701 27135.790026
702 27236.360939
703 27306.250942
704 27381.291925
705 27482.227981
706 27554.514060
707 27627.571997
708 27750.405087
709 27823.718107
710 27899.160048
711 28006.309084
712 28080.182011
713 28170.310036
714 28254.931087
715 28339.409062
716 28442.203067
717 28516.207883
718 28596.191898
719 28770.259085
720 28842.415088
721 28927.390945
722 29020.737922
723 29095.481096
724 29191.146955
725 29281.817937
726 29356.228886
727 29459.994982
728 29540.010026
729 29614.864925
730 29716.469901
731 29793.756958
732 29868.516899
733 29975.040007
734 30049.609062
735 30127.105984
736 30230.532036
737 30307.264077
738 30411.130975
739 30560.657056
740 30638.706894
741 30746.249109
742 30821.747034
743 30897.242090
744 31005.384005
745 31082.229002
746 31171.809938
747 31267.360068
748 31346.467991
749 31452.033949
750 31528.771036
751 31605.494926
752 31717.469021
753 31815.082931
754 31894.088980
755 32000.129893
756 32085.170976
757 32190.768887
758 32342.890043
759 32440.950112
760 32531.050082
761 32613.260081
762 32719.589100
763 32799.042004
764 32878.544941
765 32987.493945
766 33066.911922
767 33146.072072
