12.874603
146.150589
152.111054
147.104263
144.958496
147.104263
140.905381
150.918961
142.812729
156.164170
153.064728
146.865845
150.918961
151.157379
148.057937
150.918961
149.965286
148.057937
144.958496
239.849091
143.051148
123.977662
146.865845
139.951706
142.812729
150.918961
149.965286
151.157379
99.897385
97.036362
97.990036
99.897385
98.943710
101.089477
99.182129
97.990036
108.003616
113.010406
128.984452
111.103058
117.063523
127.077103
123.977661
113.964081
111.818314
108.003616
113.964081
106.096268
112.056732
113.010406
72.956085
110.149384
111.103057
123.023987
112.056733
113.010406
112.056732
113.964081
111.103058
123.977662
115.871429
113.010406
113.010406
107.049942
113.010406
112.056732
129.938126
122.070312
128.984451
129.938125
130.176544
113.964081
116.109848
114.917755
113.010406
115.156173
108.957290
114.917755
113.010406
113.010406
134.944916
107.049942
134.944915
110.149384
111.103057
108.003616
128.030777
115.871430
132.083893
111.103058
113.964080
111.818314
113.964081
113.010406
111.103058
113.010407
112.056732
110.149383
129.938126
129.938126
112.056733
110.864639
108.003616
115.871429
125.169754
116.109848
115.156173
113.010407
129.938126
113.010407
113.964081
112.056732
122.070313
108.003616
108.957290
113.010406
108.957290
115.156174
111.818313
128.030777
113.964081
131.130219
134.944916
134.229661
132.083893
132.083893
127.077103
132.083893
131.130218
125.885010
127.792358
128.984451
128.984451
127.077103
128.984451
123.977661
128.984452
108.957290
128.984452
130.891799
134.944916
128.984451
129.938126
132.083893
129.938126
128.984452
127.792359
151.157379
131.845474
129.938126
102.996826
128.984451
128.030777
124.931336
131.130218
64.849854
128.984452
74.148178
72.956085
72.002411
72.002411
72.002411
76.055527
72.956086
71.048737
72.002411
15.020371
16.927719
77.962876
72.956085
47.922134
45.061112
46.014786
70.095063
73.194504
77.962876
76.055527
76.055527
73.909759
75.101853
70.810318
72.956085
15.020370
72.002411
72.002411
72.002411
73.194504
45.061112
72.956085
78.916550
46.014786
72.002411
73.194504
72.956085
46.968460
77.009201
72.956085
74.863434
71.048736
73.909760
86.069107
130.891800
128.984452
131.130219
129.938125
133.037567
128.030777
129.938126
127.077102
130.176544
129.938126
129.938125
129.938125
129.938126
118.970871
128.984451
128.984451
126.838684
129.938125
129.938126
125.885010
130.891800
130.891799
128.984452
130.176545
129.938125
113.964081
127.792359
136.137008
125.885010
124.931335
108.957290
139.951706
128.030777
110.149383
128.984451
128.984452
129.938125
130.176545
114.917755
129.938126
113.010407
107.049942
128.984452
113.010406
108.957290
128.030777
141.143799
130.176544
130.891800
129.938126
128.984451
128.984451
72.002411
113.964081
128.030777
128.984451
128.984451
112.056732
130.891800
129.938125
120.162964
133.037567
127.792358
128.984451
114.202499
128.984451
129.222870
113.964081
110.864640
129.938126
130.176544
128.984452
131.130218
110.149384
132.083893
129.938126
113.010407
126.838684
128.030777
129.938125
113.010406
113.010406
132.083893
123.977662
131.130218
132.083893
123.023987
128.030777
124.931335
129.938125
128.030777
128.030777
128.030777
131.130218
128.030777
133.037567
132.799149
129.938125
129.222869
128.984452
129.938126
130.891799
129.938125
130.891800
113.964081
129.938125
131.130218
128.984452
124.931335
125.885009
128.984452
133.037567
128.984452
129.938125
129.938126
125.885009
128.984451
130.891800
128.984451
123.977662
128.984451
128.984452
68.902969
72.002411
71.048736
72.956085
77.009201
72.002411
72.002411
72.956085
71.048737
72.956086
72.956085
72.956085
73.909759
77.009201
72.956085
87.022781
72.002411
123.023987
123.023987
128.984451
129.938126
123.977661
128.984452
123.023986
127.077103
128.984451
126.123429
128.984452
129.938126
128.030777
128.984451
126.838685
128.984451
128.984451
128.984451
124.931336
129.938126
128.030777
128.984451
129.938126
130.891800
128.030777
128.030777
129.938126
142.097473
129.222870
128.030777
128.030777
128.984452
128.984451
127.792358
123.023987
104.188919
131.845475
123.023987
128.984452
128.984452
126.123429
133.991242
129.938126
105.857850
128.984451
128.030777
128.030777
125.169754
128.030777
125.169754
128.984451
133.991241
130.176544
127.077103
128.984451
129.938126
129.938125
128.984452
128.984451
126.838684
129.938125
129.938126
128.030777
128.030777
128.030777
128.984451
130.176544
128.030777
131.130219
133.037567
123.023987
130.176544
129.938126
130.891799
128.984451
128.984451
128.030777
128.030776
128.984451
128.984451
119.924545
128.984451
129.938125
129.938125
127.792359
130.176544
128.984451
130.891800
137.090683
124.931335
126.123429
127.792359
130.891799
128.030777
128.984451
130.891800
129.938126
112.056732
128.984451
128.984451
129.938126
132.083893
128.030777
130.891800
128.030777
123.023987
125.885010
127.077103
129.938125
132.083893
148.773193
152.111053
146.865845
154.018402
152.111054
149.965287
149.011612
153.064728
141.859054
144.004822
154.018402
131.845475
152.111053
146.865845
149.965286
147.104263
151.872635
188.112259
146.865845
143.051147
142.097473
144.958496
144.004822
147.819519
139.951706
139.951706
122.070312
145.912170
149.011612
146.865845
151.157380
150.918961
132.083893
147.104263
155.210495
149.011612
150.918960
145.912171
153.779984
149.965286
146.865845
149.965286
147.104264
129.938125
125.169754
128.984452
128.030777
128.984451
126.123429
131.845474
133.991241
130.176544
129.938126
128.030777
67.949295
71.048737
71.048736
76.055526
72.002411
72.002410
72.002411
72.002411
69.856644
73.909760
71.048736
71.048736
71.048737
71.048737
76.055527
76.055527
72.956085
122.070313
127.792358
129.222870
128.030777
128.984451
123.977661
129.938125
130.176544
128.984452
128.984451
128.984451
128.984452
128.984451
128.984451
123.977661
128.030777
129.938126
124.216079
128.984451
132.083893
120.878220
127.077102
129.938126
121.116638
127.077102
128.984451
124.931336
128.984452
123.023986
128.030777
128.984451
128.984451
128.984451
128.984452
128.984451
127.792358
133.991241
138.998031
129.938125
123.023987
124.931336
130.891800
128.984451
129.938126
128.984452
127.077103
131.130218
132.083893
128.030777
124.931335
128.984451
128.984451
136.852265
132.083893
124.931335
123.977661
128.030777
129.938126
131.845474
129.938126
128.984451
130.176544
130.891800
129.938125
130.891800
124.931336
125.885009
128.984451
133.037567
128.030777
129.938125
110.864640
128.984451
128.984451
130.891800
131.130219
130.176544
130.891800
129.938126
126.123429
129.938125
124.931335
127.077103
128.984451
129.938125
130.891800
130.891800
130.176545
133.991241
128.984451
130.891800
129.938126
130.176544
130.891800
129.938125
128.030777
130.891800
125.169754
129.938126
132.799148
137.090683
123.977661
128.984451
131.130218
128.984452
129.938126
128.984452
128.984451
124.931336
129.938125
130.891800
123.023987
97.036362
129.938126
128.984451
132.083893
131.130219
130.176544
124.931335
131.845474
143.051147
130.176544
133.037567
129.938125
129.938126
136.137009
128.030777
132.083893
130.891800
128.984451
123.977661
124.931335
130.891800
130.176545
128.984451
130.891800
134.944916
128.030777
135.898590
130.891800
131.130219
123.977661
128.984451
129.938125
128.030777
128.030777
135.183335
132.083892
129.938126
78.916550
129.938126
131.130218
128.984451
125.885010
123.977661
131.845474
130.891800
125.169754
131.845474
128.984451
124.931335
126.123429
125.885010
126.123428
131.130218
129.938126
128.984451
131.845474
128.984451
132.083893
129.938126
123.977661
151.157380
129.938126
128.984451
129.938126
144.958496
135.898590
131.130218
133.991241
126.123428
130.891800
129.938125
127.792359
124.216080
128.984451
128.984451
125.885010
129.938125
128.984452
133.037567
132.083893
128.984452
128.030777
128.984452
127.077103
127.077103
130.891800
136.137009
72.956085
73.909760
73.909760
72.956086
15.020371
76.055527
15.974045
72.956085
75.101853
47.922134
72.956085
74.863434
73.194504
75.101852
77.009201
72.956085
70.095063
74.148179
77.009201
74.148178
72.956085
74.148179
74.863434
79.154968
73.909760
73.909760
153.064728
104.904175
120.878219
130.176544
123.977661
125.885010
126.123428
129.938126
128.984451
123.977661
126.838684
128.984451
128.030777
129.938125
122.785569
128.030777
128.030777
125.885010
130.176544
128.984452
127.077102
123.977662
130.176545
128.984451
133.037567
124.931336
119.924545
128.030777
129.222870
70.095062
121.831894
139.951706
123.023987
130.176544
129.938125
128.030777
128.984451
123.977661
132.083893
126.838684
123.977662
128.030777
128.030777
128.984451
128.030777
128.984452
129.938125
127.792359
128.984451
127.792358
131.130218
123.023986
128.984451
130.176544
128.984451
130.891800
125.885010
130.176544
128.030777
128.984451
130.891800
131.130218
128.030777
133.037567
129.938126
130.891800
127.077103
128.984451
130.176544
129.222870
127.077102
130.176544
130.176544
122.070312
128.030777
128.984451
129.938126
138.998032
128.984451
129.938125
128.030777
128.984451
129.938125
130.176544
128.030777
125.169754
128.984452
128.984451
110.149383
129.938126
133.037567
128.030777
135.183335
130.176544
129.938126
129.938126
128.030776
128.984452
131.845475
125.169754
130.891800
129.938125
132.083893
144.004822
127.077102
127.077102
124.931335
130.176544
134.944916
129.938126
130.176544
128.984451
130.891800
128.984451
123.023987
129.938125
130.891800
125.885010
123.977661
129.938125
108.957291
130.891800
133.991242
123.023987
130.176544
149.965287
132.083893
128.030777
128.030777
124.931335
128.030777
124.931336
135.183334
125.885010
133.037567
171.899795
93.936920
100.851059
97.036361
100.851059
100.135803
97.990036
99.897384
96.082687
99.897384
97.990036
98.943710
102.996827
103.950500
132.083893
131.130218
148.057937
129.938126
133.991242
131.845474
129.938125
123.977661
129.938126
128.030777
128.984451
132.083892
129.938126
132.083893
131.130218
126.838684
130.891800
124.931335
135.898590
130.891800
128.984451
126.838684
133.037567
130.176544
134.944915
133.991241
130.176545
129.938126
143.051147
128.984452
130.891800
133.037567
128.030777
130.176544
128.984452
132.083893
133.991241
129.938126
126.123429
131.130219
130.891800
125.885009
133.037567
132.799148
128.984451
125.885010
130.176544
128.984451
123.023987
132.083893
130.891800
133.991241
128.984451
131.130219
131.130219
127.077103
128.030777
129.938125
129.938125
129.938126
127.077102
129.938126
123.023986
128.030777
129.938125
128.030777
131.130218
131.130219
130.891800
131.130219
131.845474
133.037567
135.898590
134.944916
130.891800
133.037567
132.083893
129.938126
128.984451
125.169754
125.885010
131.845474
125.885010
132.083893
128.984452
136.852264
131.845475
133.037567
129.938126
127.077103
129.938125
128.984451
121.116639
129.938126
132.083893
130.176544
129.938125
129.938125
130.176544
129.938126
129.938126
128.984451
129.222870
130.891800
128.984451
