1 5.485000 6.627000 4.147000 5.720000 6.254000 5.245000 4.070000 6.853000 6.377000 8.651000
2 5.171000 5.305000 6.433000 3.905000 6.496000 3.752000 8.163000 5.817000 19.693000 11.832000
3 6.122000 3.960000 5.404000 5.734000 5.691000 5.801000 8.849000 20.561000 24.760000 20.916000
4 5.948000 3.937000 5.615000 4.005000 5.928000 5.447000 13.021000 24.403000 32.239000 34.679000
5 4.915000 5.747000 5.457000 5.697000 5.023000 6.114000 13.515000 27.019000 35.903000 42.518000
6 5.063000 5.697000 4.114000 3.916000 5.287000 5.710000 16.189000 36.521000 36.175000 45.578000
7 4.950000 5.275000 5.082000 5.689000 5.593000 4.188000 15.734000 47.367000 48.323000 55.833000
8 5.594000 5.745000 5.048000 5.062000 5.957000 5.008000 20.809000 52.072000 49.746000 63.585000
9 5.463000 5.582000 4.961000 5.541000 5.047000 5.643000 28.508000 60.388000 56.995000 70.282000
10 4.099000 5.043000 8.628000 6.152000 4.046000 4.044000 31.470000 66.415000 64.343000 77.024000
11 6.047000 5.714000 6.058000 5.460000 5.441000 5.727000 37.808000 73.514000 69.247000 90.418000
12 5.823000 5.738000 5.642000 5.736000 5.742000 8.996000 40.769000 75.962000 84.964000 97.164000
13 5.885000 5.418000 5.529000 5.077000 5.809000 19.025000 44.825000 84.267000 86.362000 105.077000
14 5.477000 10.833000 5.221000 5.399000 6.005000 22.274000 51.155000 87.852000 97.178000 123.451000
15 5.570000 3.852000 4.964000 5.784000 5.082000 20.850000 54.092000 87.866000 97.343000 138.159000
16 5.213000 5.733000 5.672000 4.979000 4.119000 30.819000 60.543000 94.978000 104.692000 151.629000
17 3.837000 4.150000 5.635000 5.468000 10.260000 30.454000 72.970000 98.683000 114.387000 164.280000
18 5.983000 5.300000 4.367000 5.773000 14.081000 39.473000 75.868000 98.660000 121.674000 170.837000
19 5.586000 5.703000 5.343000 6.054000 16.422000 41.090000 81.954000 105.509000 125.308000 185.477000
20 5.820000 5.664000 4.379000 12.682000 18.076000 46.841000 83.753000 108.299000 126.930000 200.770000
21 5.609000 4.168000 5.554000 11.498000 13.759000 47.662000 83.199000 105.904000 137.815000 207.403000
22 5.085000 5.496000 5.676000 9.731000 20.026000 54.309000 88.443000 113.222000 148.746000 226.548000
23 5.363000 6.429000 6.002000 6.590000 19.120000 56.313000 88.038000 115.837000 153.751000 226.163000
24 5.577000 4.722000 4.750000 4.665000 20.577000 55.590000 93.208000 124.076000 162.344000 250.982000
25 5.499000 4.167000 6.129000 4.390000 23.573000 51.642000 96.428000 123.134000 175.966000 259.207000
26 4.388000 5.932000 6.510000 6.239000 21.911000 52.578000 99.758000 125.622000 188.254000 261.492000
27 4.082000 5.567000 5.806000 5.900000 20.946000 52.415000 100.306000 129.115000 196.115000 275.514000
28 5.599000 4.281000 5.208000 4.264000 27.967000 53.225000 104.401000 130.361000 204.940000 278.963000
29 5.905000 5.629000 5.657000 6.373000 26.090000 49.351000 107.564000 139.302000 216.120000 294.823000
30 5.682000 5.128000 5.852000 5.671000 20.211000 48.784000 111.685000 142.884000 221.082000 297.800000
31 4.920000 8.443000 9.631000 5.678000 18.417000 48.805000 108.920000 145.485000 234.252000 305.128000
32 5.605000 6.951000 6.725000 5.387000 12.912000 48.516000 116.784000 146.837000 248.365000 322.068000
33 3.958000 5.570000 5.985000 5.969000 10.651000 52.102000 119.772000 146.944000 252.222000 331.535000
34 6.391000 6.528000 5.384000 5.913000 10.267000 51.793000 120.638000 150.777000 266.320000 332.684000
35 4.232000 9.628000 6.032000 4.325000 6.199000 55.071000 123.818000 155.697000 272.991000 342.341000
36 5.626000 5.625000 6.030000 6.519000 5.344000 52.175000 120.975000 157.017000 275.739000 356.589000
37 6.269000 5.923000 5.415000 5.715000 5.970000 51.994000 129.367000 165.783000 282.374000 364.909000
38 6.090000 5.422000 5.801000 5.261000 6.429000 51.761000 128.815000 163.158000 286.304000 368.030000
39 6.052000 5.277000 5.396000 6.011000 14.143000 51.545000 133.213000 171.803000 295.034000 382.131000
40 5.841000 5.864000 5.957000 5.585000 10.753000 47.802000 134.259000 175.459000 300.266000 389.033000
41 8.561000 5.839000 6.396000 5.994000 14.853000 51.329000 137.477000 175.751000 308.994000 398.455000
42 6.285000 5.447000 4.574000 4.263000 17.822000 51.301000 141.009000 182.290000 317.860000 407.006000
43 6.370000 6.206000 6.116000 5.259000 19.394000 50.926000 142.894000 183.309000 324.285000 416.327000
44 4.698000 5.547000 5.340000 5.771000 25.850000 50.388000 142.312000 189.488000 331.822000 425.665000
45 6.065000 5.425000 6.092000 6.730000 26.302000 46.702000 146.657000 191.174000 337.076000 435.285000
46 6.457000 5.903000 7.725000 4.743000 25.608000 48.647000 149.740000 191.304000 342.018000 447.243000
47 4.439000 5.508000 7.140000 4.625000 24.976000 48.288000 150.402000 197.419000 349.781000 455.416000
48 5.039000 8.270000 5.426000 5.524000 26.913000 47.765000 153.390000 202.527000 350.021000 458.630000
49 6.645000 4.201000 5.810000 5.901000 27.348000 47.563000 157.777000 204.008000 357.665000 482.301000
50 5.897000 6.307000 6.517000 6.808000 31.550000 47.263000 158.608000 205.312000 364.244000 498.853000
51 6.837000 6.511000 5.462000 6.427000 31.861000 46.964000 156.811000 220.162000 369.304000 510.964000
52 6.870000 6.640000 6.659000 6.439000 32.872000 46.856000 161.369000 226.840000 384.575000 530.371000
53 5.973000 6.601000 6.463000 6.989000 34.544000 46.059000 164.555000 230.906000 384.702000 545.018000
54 6.060000 4.482000 6.204000 5.455000 35.070000 42.028000 170.396000 236.137000 392.515000 563.071000
55 6.820000 5.618000 5.859000 6.804000 37.060000 51.004000 168.820000 245.187000 403.158000 570.662000
56 5.732000 5.557000 6.535000 6.582000 38.834000 50.834000 170.852000 257.871000 410.721000 584.305000
57 6.225000 4.940000 4.400000 5.096000 39.886000 49.462000 170.346000 255.597000 416.236000 596.111000
58 9.309000 6.129000 4.607000 6.007000 41.548000 51.092000 184.372000 267.714000 419.248000 607.209000
59 6.042000 5.908000 6.010000 4.484000 46.950000 49.447000 187.736000 273.171000 429.595000 620.789000
60 6.700000 4.605000 8.728000 4.629000 46.316000 45.647000 189.781000 280.763000 428.319000 625.726000
61 4.808000 6.598000 5.711000 6.662000 45.824000 46.962000 199.538000 285.004000 441.513000 635.495000
62 4.288000 7.710000 5.810000 5.597000 46.799000 45.532000 204.405000 285.302000 458.446000 659.381000
63 8.766000 6.759000 6.240000 4.656000 52.841000 46.699000 209.011000 293.590000 465.494000 669.499000
64 5.529000 5.716000 5.568000 4.507000 52.179000 50.676000 215.999000 298.865000 473.747000 675.389000
65 6.534000 7.869000 4.633000 4.534000 63.181000 50.344000 221.621000 300.048000 484.012000 686.817000
66 6.171000 5.242000 6.192000 4.611000 62.889000 46.561000 227.877000 299.102000 493.681000 688.853000
67 6.351000 6.376000 6.402000 6.134000 63.606000 47.847000 232.928000 305.988000 503.447000 702.800000
68 5.750000 6.104000 4.681000 6.336000 68.504000 44.091000 237.481000 306.639000 514.236000 711.577000
69 4.677000 6.268000 6.372000 6.535000 71.717000 47.970000 241.037000 313.228000 528.586000 718.905000
70 6.340000 6.280000 6.561000 6.058000 66.417000 47.865000 243.478000 315.948000 540.476000 727.629000
71 6.549000 6.111000 5.636000 7.059000 73.242000 47.852000 241.900000 320.247000 544.706000 736.643000
72 8.750000 6.339000 5.991000 5.781000 75.522000 44.197000 249.116000 325.799000 561.835000 755.422000
73 6.401000 6.199000 6.301000 5.758000 80.014000 48.015000 246.218000 332.666000 572.719000 760.004000
74 4.773000 4.815000 7.208000 5.723000 73.182000 52.934000 253.668000 331.678000 576.899000 772.399000
75 5.297000 6.466000 6.165000 4.690000 71.366000 57.043000 254.716000 335.887000 579.717000 773.381000
76 6.550000 6.291000 4.772000 4.717000 68.282000 58.180000 258.464000 340.384000 590.364000 788.396000
77 6.485000 6.339000 6.562000 6.165000 66.642000 64.622000 261.760000 342.098000 596.169000 795.972000
78 6.181000 5.635000 4.812000 6.004000 62.185000 69.741000 262.825000 347.374000 603.946000 797.017000
79 4.942000 6.741000 6.349000 6.292000 63.047000 72.662000 270.223000 348.980000 607.262000 802.288000
80 7.143000 6.777000 6.945000 6.268000 59.006000 81.595000 270.193000 355.672000 618.078000 811.994000
81 6.425000 6.957000 6.738000 6.778000 57.172000 85.235000 267.140000 355.991000 625.123000 824.584000
82 6.285000 9.571000 4.759000 5.802000 52.902000 99.571000 274.746000 362.844000 637.170000 852.247000
83 9.548000 5.864000 4.982000 5.806000 51.065000 109.786000 274.312000 369.461000 643.638000 867.328000
84 6.086000 4.933000 5.944000 13.987000 49.607000 116.138000 278.069000 372.697000 651.286000 890.323000
85 7.090000 6.429000 6.613000 9.052000 44.073000 120.096000 279.286000 373.030000 653.018000 902.083000
86 6.458000 7.022000 6.668000 12.026000 38.270000 126.600000 282.904000 377.126000 665.163000 919.939000
87 7.247000 4.843000 4.907000 13.734000 36.689000 122.807000 288.069000 380.167000 669.546000 942.090000
88 4.897000 6.488000 6.886000 9.839000 38.984000 137.517000 291.579000 388.117000 674.152000 962.590000
89 10.460000 6.974000 7.934000 15.665000 37.390000 137.281000 292.784000 390.206000 678.386000 977.010000
90 5.067000 7.384000 7.864000 8.248000 33.302000 142.858000 296.466000 391.992000 685.522000 1008.992000
91 6.304000 8.394000 5.806000 11.173000 30.560000 144.446000 298.888000 393.764000 690.035000 1019.780000
92 6.982000 22.470000 6.959000 6.322000 25.065000 148.470000 299.907000 401.058000 708.887000 1046.377000
93 7.061000 5.354000 6.626000 6.305000 21.179000 157.021000 302.522000 407.822000 717.400000 1064.754000
94 6.347000 6.440000 6.574000 6.689000 21.095000 158.272000 304.756000 410.972000 723.369000 1072.489000
95 7.570000 5.297000 6.810000 6.029000 19.557000 168.701000 305.975000 415.996000 727.806000 1075.028000
96 6.207000 7.102000 6.530000 6.761000 12.672000 166.129000 309.948000 422.026000 729.603000 1079.018000
97 5.987000 7.376000 6.613000 7.418000 12.956000 178.426000 308.527000 430.440000 743.356000 1077.404000
98 5.781000 12.232000 6.476000 6.786000 11.221000 175.656000 312.563000 432.441000 748.225000 1085.060000
99 6.192000 11.757000 6.901000 6.114000 6.994000 171.806000 317.572000 442.495000 751.295000 1087.493000
100 6.413000 6.164000 7.352000 8.052000 7.232000 186.875000 320.335000 440.331000 769.523000 1091.346000
101 6.451000 6.347000 6.840000 6.443000 6.271000 187.106000 320.001000 454.615000 775.287000 1093.744000
102 7.049000 7.106000 6.774000 6.890000 9.042000 195.614000 324.807000 461.794000 802.791000 1104.282000
103 10.852000 6.186000 6.830000 6.107000 7.301000 198.936000 328.836000 473.062000 808.798000 1109.479000
104 7.150000 6.682000 7.955000 6.536000 5.941000 199.309000 330.051000 476.321000 824.299000 1112.002000
105 8.558000 6.455000 6.800000 7.356000 7.330000 200.757000 333.920000 486.370000 831.565000 1113.168000
106 7.458000 6.793000 6.574000 6.931000 5.852000 209.068000 339.326000 492.442000 842.899000 1114.126000
107 6.243000 6.480000 6.814000 7.294000 7.416000 205.454000 346.057000 494.355000 846.174000 1115.290000
108 6.697000 8.112000 7.104000 6.784000 7.464000 207.049000 348.658000 496.547000 859.025000 1116.498000
109 6.157000 5.711000 6.006000 7.337000 6.032000 205.872000 358.099000 501.323000 870.181000 1117.728000
110 6.729000 6.196000 6.308000 6.692000 7.378000 206.193000 362.307000 504.422000 876.281000 1118.623000
111 7.037000 6.953000 4.971000 6.659000 7.292000 206.520000 368.945000 509.214000 877.100000 1119.946000
112 6.396000 4.888000 5.020000 6.066000 7.481000 209.768000 374.277000 508.416000 897.674000 1130.320000
113 6.772000 6.628000 6.702000 6.648000 7.664000 210.059000 383.594000 520.977000 903.916000 1131.481000
114 5.093000 6.212000 5.257000 7.237000 7.497000 205.989000 386.625000 524.328000 911.473000 1132.586000
115 5.877000 6.623000 6.828000 6.584000 6.051000 218.749000 396.056000 525.035000 917.435000 1133.806000
116 6.846000 6.186000 7.056000 7.520000 6.453000 221.942000 400.304000 531.200000 925.168000 1133.614000
117 8.029000 6.843000 6.354000 18.908000 10.957000 224.749000 400.329000 534.730000 930.156000 1134.867000
118 4.890000 5.177000 10.949000 18.277000 6.809000 225.174000 402.904000 538.589000 938.068000 1134.773000
119 7.461000 5.111000 9.117000 20.436000 6.667000 233.905000 411.024000 541.932000 942.660000 1135.974000
120 6.747000 6.558000 6.267000 18.480000 5.663000 238.276000 408.223000 545.183000 944.757000 1137.127000
121 6.766000 7.092000 6.752000 20.459000 6.820000 240.221000 409.633000 545.948000 951.121000 1136.920000
122 6.146000 7.164000 6.385000 20.251000 19.743000 246.470000 416.624000 552.430000 971.689000 1143.982000
123 7.181000 6.833000 7.263000 18.203000 19.721000 252.428000 417.850000 560.092000 975.110000 1143.762000
124 5.311000 6.928000 7.118000 19.419000 21.173000 258.866000 416.590000 563.657000 985.849000 1145.113000
125 5.220000 7.384000 5.179000 19.417000 21.401000 259.422000 422.569000 567.353000 988.064000 1146.444000
126 7.973000 6.855000 7.101000 15.970000 23.322000 262.847000 420.918000 572.145000 995.901000 1146.319000
127 5.224000 6.358000 6.890000 18.064000 23.144000 260.653000 427.937000 574.440000 1002.431000 1147.647000
128 8.615000 8.448000 6.770000 19.472000 26.369000 264.262000 433.915000 578.162000 1007.390000 1147.548000
129 6.981000 5.373000 7.872000 10.750000 32.381000 261.759000 431.246000 583.201000 1013.842000 1150.186000
130 7.355000 7.486000 9.141000 8.124000 30.959000 261.096000 435.500000 587.987000 1020.137000 1150.108000
131 5.566000 7.092000 10.030000 9.872000 32.821000 260.223000 438.822000 590.210000 1026.582000 1151.325000
132 6.872000 5.196000 6.837000 9.689000 29.989000 264.937000 440.323000 593.756000 1050.257000 1161.029000
133 6.924000 6.669000 8.488000 11.001000 32.851000 263.908000 444.884000 604.946000 1053.714000 1165.302000
134 9.792000 7.426000 6.980000 8.053000 28.433000 264.722000 443.539000 607.218000 1063.329000 1167.737000
135 7.258000 6.490000 14.795000 6.699000 27.318000 266.875000 449.813000 612.441000 1077.100000 1172.446000
136 6.974000 6.847000 6.964000 9.630000 24.561000 262.998000 455.773000 616.337000 1083.652000 1174.984000
137 9.129000 6.668000 7.300000 8.250000 20.298000 263.680000 454.930000 627.226000 1091.978000 1177.884000
138 7.237000 7.105000 6.491000 8.328000 14.482000 262.807000 459.387000 632.279000 1103.220000 1182.128000
139 7.070000 7.406000 7.095000 14.302000 13.644000 263.033000 462.685000 640.481000 1118.654000 1186.418000
140 7.081000 7.296000 7.256000 7.467000 11.228000 262.309000 467.260000 655.362000 1127.275000 1189.191000
141 6.725000 7.545000 7.072000 5.935000 5.863000 263.400000 467.565000 672.508000 1134.857000 1190.706000
142 7.471000 8.053000 7.375000 7.527000 6.341000 266.944000 475.564000 677.920000 1156.441000 1199.382000
143 5.643000 7.208000 6.712000 7.525000 7.068000 264.897000 477.280000 705.155000 1166.166000 1199.296000
144 6.956000 8.224000 7.426000 7.390000 7.046000 264.302000 476.176000 707.684000 1171.487000 1199.233000
145 6.802000 7.154000 7.572000 7.465000 10.604000 263.444000 479.226000 722.250000 1182.495000 1202.179000
146 7.031000 6.689000 6.731000 7.560000 6.781000 264.267000 482.348000 731.865000 1184.689000 1201.990000
147 6.442000 7.456000 7.348000 7.325000 10.380000 262.113000 485.716000 741.910000 1194.536000 1203.263000
148 12.306000 6.744000 6.589000 7.944000 10.141000 262.966000 485.470000 744.245000 1201.268000 1203.148000
149 6.992000 7.314000 7.196000 7.991000 7.241000 263.775000 490.259000 755.443000 1203.432000 1204.505000
150 6.884000 6.801000 5.437000 6.676000 6.349000 261.658000 490.522000 760.737000 1214.373000 1204.526000
151 6.010000 7.853000 9.585000 7.718000 7.046000 262.750000 490.492000 763.603000 1216.744000 1204.365000
152 9.044000 7.296000 5.813000 7.909000 8.482000 266.545000 507.270000 777.814000 1241.338000 1212.444000
153 6.848000 8.233000 7.267000 15.458000 7.163000 267.362000 509.163000 795.171000 1246.587000 1210.720000
154 7.517000 5.980000 8.100000 11.282000 8.685000 266.662000 513.794000 800.364000 1253.538000 1213.584000
155 5.818000 8.158000 5.879000 23.373000 5.585000 266.583000 524.720000 799.890000 1260.588000 1211.942000
156 6.793000 7.644000 7.825000 16.267000 7.171000 267.595000 525.158000 808.204000 1261.435000 1214.788000
157 7.042000 7.631000 7.692000 16.390000 10.460000 266.928000 532.648000 815.239000 1275.697000 1214.879000
158 7.216000 7.415000 7.185000 12.288000 6.251000 266.187000 538.966000 816.161000 1287.139000 1216.187000
159 6.979000 10.219000 7.747000 17.087000 7.249000 266.813000 545.101000 830.369000 1298.156000 1216.161000
160 7.453000 9.323000 7.025000 13.105000 7.986000 266.085000 552.011000 833.154000 1305.413000 1217.713000
161 7.439000 9.762000 8.443000 4.446000 7.354000 266.835000 556.733000 834.290000 1308.541000 1217.523000
162 14.965000 7.624000 7.513000 7.576000 7.490000 269.176000 564.761000 837.948000 1321.425000 1224.932000
163 5.603000 6.948000 8.133000 8.403000 12.659000 265.507000 571.162000 852.138000 1325.565000 1224.616000
164 5.674000 7.516000 8.769000 7.358000 6.018000 264.694000 569.781000 853.290000 1329.272000 1224.587000
165 6.042000 6.252000 9.561000 7.704000 7.907000 267.768000 574.762000 852.847000 1327.208000 1226.028000
166 6.920000 7.291000 10.307000 7.941000 7.318000 268.588000 575.209000 863.042000 1334.227000 1227.059000
167 13.427000 7.125000 7.090000 8.029000 7.574000 267.949000 576.919000 865.540000 1335.092000 1227.019000
168 8.695000 6.002000 7.078000 7.144000 6.556000 267.513000 580.570000 871.055000 1337.773000 1228.715000
169 7.259000 7.522000 7.069000 6.131000 7.277000 268.701000 580.407000 872.226000 1340.165000 1228.531000
170 7.953000 7.756000 7.753000 7.817000 6.171000 263.429000 583.745000 876.367000 1342.465000 1230.026000
171 7.912000 7.594000 7.296000 7.045000 5.258000 265.956000 584.272000 879.279000 1344.984000 1230.043000
172 7.530000 8.108000 7.807000 7.477000 14.128000 265.869000 589.549000 880.683000 1366.149000 1236.266000
173 8.272000 6.983000 7.683000 7.649000 16.487000 269.615000 592.036000 892.314000 1369.932000 1237.494000
174 6.406000 7.686000 7.820000 8.240000 18.900000 272.054000 595.793000 906.232000 1377.296000 1237.501000
175 8.567000 8.379000 8.120000 5.883000 22.984000 278.818000 596.195000 906.803000 1384.569000 1237.531000
176 7.890000 7.982000 8.149000 8.180000 23.560000 278.277000 601.571000 920.284000 1385.547000 1240.393000
177 6.401000 7.730000 7.897000 7.462000 25.018000 288.231000 602.715000 926.005000 1390.909000 1238.814000
178 7.555000 11.260000 9.323000 7.778000 27.140000 293.843000 608.226000 931.505000 1393.475000 1242.134000
179 10.816000 7.699000 12.594000 8.628000 29.621000 295.050000 611.762000 929.586000 1398.988000 1242.063000
180 8.676000 8.790000 6.278000 7.484000 29.233000 300.165000 612.147000 944.777000 1400.800000 1243.653000
181 7.921000 6.258000 9.463000 8.457000 31.567000 302.848000 614.085000 952.054000 1426.696000 1242.139000
182 8.474000 7.784000 7.841000 6.152000 35.415000 313.378000 622.491000 960.932000 1432.022000 1249.948000
183 8.149000 8.317000 7.142000 8.094000 33.558000 317.949000 624.639000 971.641000 1431.417000 1249.866000
184 7.746000 7.112000 7.136000 7.092000 32.486000 320.539000 622.557000 974.220000 1432.606000 1251.489000
185 6.149000 8.460000 8.179000 12.272000 27.216000 320.229000 629.265000 980.081000 1432.141000 1251.584000
186 7.477000 12.413000 7.883000 21.131000 24.761000 319.254000 632.992000 984.256000 1432.854000 1253.004000
187 8.649000 6.913000 7.830000 18.776000 21.164000 319.222000 633.585000 986.983000 1431.946000 1253.095000
188 11.262000 7.716000 7.975000 11.676000 15.480000 320.133000 639.074000 990.232000 1433.092000 1254.669000
189 8.313000 7.959000 8.048000 9.548000 14.828000 319.723000 640.059000 991.450000 1432.534000 1254.504000
190 7.599000 7.604000 8.024000 16.843000 12.490000 319.261000 637.389000 997.728000 1433.639000 1256.126000
191 7.792000 8.189000 7.826000 14.512000 6.989000 320.649000 642.626000 1001.925000 1432.969000 1256.025000
192 7.939000 6.250000 7.590000 9.228000 7.850000 321.930000 654.275000 1006.634000 1438.525000 1263.800000
193 12.075000 7.058000 6.099000 6.503000 6.439000 321.637000 653.336000 1015.867000 1438.439000 1263.911000
194 6.248000 8.747000 13.912000 8.680000 5.712000 319.611000 658.711000 1021.427000 1439.209000 1265.421000
195 8.014000 7.945000 9.610000 7.946000 9.800000 325.051000 659.491000 1021.158000 1440.182000 1263.596000
196 11.114000 7.663000 9.973000 7.348000 4.590000 326.180000 661.314000 1028.567000 1439.531000 1266.523000
197 7.201000 6.558000 7.550000 6.369000 10.473000 325.841000 665.425000 1030.067000 1440.642000 1266.577000
198 8.793000 8.082000 8.044000 7.305000 6.681000 325.950000 667.254000 1031.370000 1440.355000 1268.522000
199 8.088000 7.925000 7.317000 8.421000 7.915000 320.742000 671.196000 1037.061000 1439.665000 1269.667000
200 8.431000 8.803000 6.184000 9.172000 7.336000 322.044000 679.711000 1042.757000 1440.571000 1271.421000
201 11.064000 8.589000 6.306000 7.016000 11.755000 321.728000 682.046000 1044.018000 1440.306000 1271.521000
202 7.970000 8.546000 8.600000 6.601000 6.332000 326.261000 703.987000 1053.122000 1446.344000 1277.857000
203 8.453000 8.486000 6.290000 8.208000 7.398000 327.509000 708.056000 1057.818000 1446.091000 1276.294000
204 8.191000 9.662000 8.516000 7.292000 8.619000 327.010000 715.039000 1063.711000 1446.875000 1279.407000
205 7.458000 8.643000 7.267000 8.741000 10.100000 326.654000 722.151000 1070.704000 1446.064000 1279.324000
206 7.558000 7.886000 7.725000 6.536000 6.483000 326.297000 721.587000 1073.744000 1447.301000 1280.743000
207 14.446000 8.268000 8.580000 6.656000 13.988000 327.799000 733.396000 1075.220000 1446.833000 1280.943000
208 7.212000 8.377000 7.908000 7.722000 12.878000 327.217000 738.792000 1081.445000 1449.775000 1281.239000
209 11.277000 7.547000 12.602000 8.659000 10.977000 327.049000 741.316000 1081.079000 1449.331000 1282.627000
210 10.657000 7.573000 9.856000 8.544000 7.603000 328.039000 743.560000 1089.234000 1450.418000 1284.452000
211 8.081000 7.664000 10.561000 9.443000 7.271000 324.629000 744.241000 1090.382000 1449.913000 1282.872000
212 8.226000 10.173000 6.459000 7.614000 11.652000 332.495000 754.814000 1096.452000 1456.061000 1290.138000
213 9.576000 11.001000 6.440000 8.916000 6.388000 332.063000 755.437000 1104.516000 1453.903000 1290.326000
214 7.840000 8.798000 8.233000 8.447000 7.816000 331.796000 760.980000 1115.526000 1455.093000 1291.720000
215 8.183000 8.123000 7.380000 8.013000 10.890000 331.642000 763.426000 1120.676000 1456.336000 1291.736000
216 7.618000 8.237000 9.428000 7.544000 5.743000 331.255000 764.476000 1128.385000 1454.306000 1293.523000
217 10.861000 8.424000 6.418000 9.061000 11.956000 330.841000 765.447000 1137.751000 1456.895000 1293.672000
218 7.841000 8.205000 9.130000 20.077000 5.182000 332.179000 772.301000 1143.639000 1456.469000 1295.673000
219 8.814000 6.328000 8.288000 16.454000 7.008000 332.015000 774.900000 1153.007000 1457.449000 1295.742000
220 9.415000 6.770000 7.888000 14.719000 10.171000 331.780000 777.034000 1157.645000 1455.377000 1297.577000
221 8.719000 10.977000 8.282000 10.682000 5.555000 331.098000 781.158000 1163.735000 1456.486000 1296.039000
222 8.758000 9.006000 7.961000 27.196000 14.800000 335.882000 782.071000 1168.928000 1462.745000 1304.659000
223 9.008000 11.420000 8.189000 20.584000 19.823000 338.918000 789.479000 1188.481000 1462.302000 1302.958000
224 9.927000 7.280000 8.799000 16.064000 20.260000 338.548000 789.923000 1188.364000 1463.449000 1305.958000
225 7.406000 9.228000 10.778000 7.426000 19.912000 338.379000 794.176000 1194.629000 1463.195000 1304.443000
226 7.801000 6.732000 10.900000 6.861000 21.726000 339.507000 802.643000 1199.693000 1464.473000 1306.364000
227 10.764000 6.765000 9.274000 8.707000 26.340000 339.467000 810.622000 1202.753000 1464.076000 1307.936000
228 7.543000 8.238000 26.939000 7.851000 26.136000 339.160000 809.696000 1204.176000 1463.610000 1308.145000
229 6.440000 7.747000 10.061000 8.060000 27.157000 339.112000 815.516000 1214.051000 1464.550000 1315.272000
230 11.556000 10.751000 8.728000 7.565000 25.420000 345.718000 821.671000 1215.249000 1464.119000 1316.725000
231 8.210000 6.494000 7.883000 8.629000 33.279000 351.753000 836.639000 1216.757000 1465.325000 1319.985000
232 9.174000 8.029000 8.662000 8.580000 36.153000 360.068000 852.238000 1224.798000 1470.133000 1335.012000
233 11.746000 6.583000 8.393000 6.808000 37.759000 368.400000 858.271000 1233.385000 1471.266000 1336.653000
234 8.174000 8.834000 6.696000 8.110000 36.334000 369.766000 857.105000 1239.924000 1470.822000 1339.934000
235 8.165000 8.294000 6.523000 8.047000 32.565000 377.405000 862.943000 1241.870000 1470.716000 1343.593000
236 8.183000 8.773000 11.046000 9.758000 30.424000 382.552000 878.710000 1246.414000 1471.842000 1347.260000
237 8.790000 8.068000 11.374000 9.598000 28.650000 384.442000 884.869000 1244.382000 1471.244000 1351.058000
238 8.799000 15.508000 11.940000 6.934000 26.637000 392.479000 897.516000 1250.918000 1472.612000 1351.114000
239 8.572000 8.189000 15.363000 8.710000 25.048000 392.366000 902.039000 1254.298000 1472.280000 1351.375000
240 8.440000 8.281000 24.712000 9.088000 21.492000 393.649000 911.468000 1257.250000 1471.964000 1351.643000
241 8.557000 8.761000 10.248000 10.086000 19.725000 398.617000 919.334000 1263.633000 1473.240000 1353.603000
242 8.514000 27.310000 28.426000 8.228000 19.759000 402.113000 942.422000 1268.375000 1477.951000 1360.657000
243 8.918000 8.288000 13.438000 8.023000 16.461000 401.387000 948.672000 1282.210000 1478.983000 1360.936000
244 14.170000 8.727000 10.257000 8.571000 11.311000 401.703000 960.466000 1283.776000 1478.398000 1361.214000
245 7.953000 9.671000 8.422000 7.177000 9.903000 401.326000 966.441000 1289.079000 1477.961000 1363.350000
246 8.903000 9.287000 8.269000 8.875000 6.498000 401.486000 970.841000 1292.115000 1479.184000 1363.528000
247 11.952000 11.504000 6.930000 10.616000 11.572000 401.384000 970.204000 1295.617000 1478.809000 1363.344000
248 8.229000 11.974000 8.746000 7.275000 6.603000 401.365000 983.948000 1299.355000 1480.090000 1365.473000
249 8.256000 8.956000 8.986000 9.024000 10.160000 401.409000 991.874000 1295.679000 1479.658000 1365.739000
250 11.548000 8.040000 8.916000 24.149000 6.731000 401.428000 996.733000 1302.509000 1480.873000 1365.719000
251 12.426000 8.596000 11.209000 25.923000 11.925000 401.511000 997.920000 1305.904000 1478.584000 1367.712000
252 8.721000 8.062000 8.227000 20.439000 10.475000 404.852000 1003.851000 1309.042000 1484.971000 1373.065000
253 9.003000 8.776000 9.269000 17.110000 9.935000 406.648000 1005.009000 1322.545000 1486.248000 1373.246000
254 9.408000 9.159000 10.157000 13.806000 6.484000 404.807000 1014.037000 1331.193000 1485.810000 1375.243000
255 7.956000 6.752000 8.766000 10.645000 6.941000 411.057000 1016.383000 1332.766000 1487.901000 1374.975000
256 8.922000 12.261000 15.181000 18.996000 11.898000 411.045000 1017.071000 1348.381000 1487.482000 1376.837000
257 8.031000 9.722000 13.577000 10.054000 4.888000 411.455000 1019.498000 1353.382000 1488.776000 1376.907000
258 9.395000 7.910000 11.916000 8.353000 9.958000 411.415000 1023.824000 1362.373000 1486.651000 1378.834000
259 8.979000 8.296000 10.435000 8.355000 6.835000 411.423000 1024.833000 1369.084000 1487.811000 1377.267000
260 8.959000 7.020000 8.938000 8.322000 13.495000 411.304000 1025.814000 1372.477000 1489.096000 1380.686000
261 12.469000 9.598000 8.235000 7.266000 6.699000 411.088000 1028.776000 1384.341000 1488.678000 1379.134000
262 7.887000 9.743000 7.038000 7.535000 4.958000 416.205000 1036.213000 1385.933000 1495.090000 1387.754000
263 9.452000 8.329000 8.885000 9.212000 10.220000 416.131000 1033.704000 1404.476000 1494.654000 1389.197000
264 11.745000 9.488000 9.008000 8.930000 6.751000 414.489000 1039.892000 1411.130000 1497.627000 1389.370000
265 8.496000 11.595000 9.075000 7.303000 10.167000 416.118000 1044.412000 1419.539000 1502.322000 1391.050000
266 7.003000 7.028000 8.348000 9.501000 6.694000 414.030000 1046.523000 1421.260000 1503.501000 1391.185000
267 17.143000 9.344000 8.413000 9.332000 8.316000 415.696000 1047.419000 1423.037000 1506.494000 1393.043000
268 9.042000 8.188000 8.480000 9.698000 10.890000 415.656000 1046.421000 1424.866000 1509.516000 1393.217000
269 8.482000 9.320000 8.588000 8.216000 7.474000 415.661000 1051.887000 1429.884000 1512.353000 1395.115000
270 11.772000 9.630000 8.894000 12.275000 10.775000 415.657000 1054.288000 1436.567000 1515.357000 1393.550000
271 8.319000 8.585000 8.102000 7.349000 5.722000 415.641000 1058.481000 1436.495000 1518.311000 1397.077000
272 12.319000 8.950000 11.080000 7.348000 10.894000 417.506000 1062.934000 1445.015000 1531.335000 1402.213000
273 8.950000 13.393000 14.023000 9.317000 5.777000 417.384000 1067.366000 1458.401000 1532.607000 1402.376000
274 8.159000 10.659000 13.404000 9.572000 10.904000 417.003000 1074.408000 1463.502000 1532.189000 1404.199000
275 9.080000 9.677000 7.091000 7.918000 5.832000 420.483000 1075.481000 1465.197000 1533.503000 1404.573000
276 8.499000 9.042000 8.146000 9.733000 19.737000 420.911000 1078.254000 1471.696000 1531.372000 1406.153000
277 9.528000 9.676000 8.725000 8.167000 21.498000 419.206000 1079.327000 1471.967000 1532.749000 1406.272000
278 9.115000 9.698000 9.190000 9.952000 21.353000 421.049000 1090.557000 1478.778000 1533.904000 1406.501000
279 9.934000 7.328000 9.801000 10.230000 24.670000 421.284000 1095.205000 1478.967000 1533.489000 1408.531000
280 7.085000 8.712000 7.129000 8.595000 24.829000 421.289000 1098.036000 1486.355000 1534.890000 1408.743000
281 13.624000 10.494000 8.255000 8.339000 30.080000 421.171000 1107.845000 1486.557000 1532.730000 1410.686000
282 8.702000 17.264000 7.261000 19.043000 30.022000 424.775000 1124.703000 1489.908000 1539.281000 1415.762000
283 7.306000 13.158000 9.733000 17.684000 32.944000 424.713000 1129.708000 1507.271000 1540.637000 1415.988000
284 14.212000 9.355000 7.155000 13.081000 33.150000 424.956000 1141.035000 1512.519000 1540.113000 1418.003000
285 8.661000 9.478000 8.327000 18.707000 40.314000 426.824000 1145.373000 1510.808000 1541.554000 1418.133000
286 14.221000 12.866000 9.939000 17.338000 38.726000 432.203000 1149.991000 1519.287000 1541.184000 1420.036000
287 14.201000 12.512000 9.595000 12.382000 35.443000 440.952000 1154.550000 1520.697000 1540.693000 1418.544000
288 8.705000 9.082000 14.088000 23.158000 33.948000 441.148000 1154.076000 1526.006000 1542.078000 1420.516000
289 8.648000 9.111000 11.712000 16.518000 32.074000 450.564000 1162.811000 1533.154000 1541.711000 1422.557000
290 9.329000 9.294000 11.056000 9.947000 27.039000 448.953000 1165.716000 1536.750000 1543.006000 1422.763000
291 8.381000 16.879000 9.195000 9.378000 25.321000 460.099000 1166.970000 1536.734000 1540.749000 1424.719000
292 7.416000 11.676000 8.618000 9.816000 23.754000 472.744000 1171.656000 1543.740000 1547.530000 1430.207000
293 11.788000 9.969000 9.468000 8.613000 18.669000 474.860000 1179.928000 1564.880000 1548.903000 1430.473000
294 8.704000 8.679000 8.796000 10.807000 17.311000 480.631000 1182.890000 1575.363000 1548.536000 1432.487000
295 9.367000 8.740000 9.989000 9.438000 14.117000 483.187000 1182.333000 1582.397000 1548.204000 1432.705000
296 8.766000 8.797000 10.070000 9.942000 16.154000 481.584000 1183.559000 1587.271000 1549.629000 1434.682000
297 9.127000 7.418000 9.400000 8.619000 14.690000 481.802000 1191.237000 1596.157000 1549.193000 1433.192000
298 12.852000 9.385000 8.714000 7.271000 13.689000 481.984000 1188.799000 1603.021000 1550.640000 1435.165000
299 10.145000 9.426000 9.863000 11.198000 6.937000 478.587000 1198.956000 1611.899000 1550.321000 1437.177000
300 8.559000 18.583000 9.126000 11.549000 7.208000 478.708000 1203.625000 1617.356000 1549.778000 1437.328000
301 16.388000 15.217000 9.303000 6.615000 10.905000 482.536000 1206.554000 1617.426000 1551.191000 1439.192000
302 10.223000 11.812000 10.234000 8.741000 7.592000 487.230000 1216.375000 1617.352000 1555.674000 1442.909000
303 8.933000 8.812000 18.252000 10.981000 11.361000 487.361000 1217.471000 1620.927000 1556.916000 1444.874000
304 11.370000 10.566000 19.239000 7.880000 9.917000 487.500000 1220.400000 1618.996000 1558.339000 1446.579000
305 10.277000 8.675000 20.233000 10.147000 6.696000 487.565000 1224.984000 1619.095000 1557.999000 1446.734000
306 9.635000 9.177000 7.835000 5.369000 10.598000 487.709000 1227.932000 1615.132000 1559.267000 1448.771000
307 9.578000 9.592000 9.153000 7.635000 7.396000 484.407000 1229.060000 1615.308000 1557.138000 1448.641000
308 9.689000 9.930000 8.567000 9.930000 7.823000 484.467000 1233.289000 1615.099000 1558.568000 1448.840000
309 9.968000 16.150000 9.910000 8.731000 6.361000 488.285000 1232.140000 1613.458000 1559.917000 1450.895000
310 10.024000 13.075000 7.669000 14.731000 11.970000 488.510000 1235.139000 1613.424000 1559.584000 1451.170000
311 8.958000 10.277000 9.931000 7.435000 7.034000 488.798000 1240.077000 1611.793000 1561.106000 1451.490000
312 9.738000 9.740000 9.572000 9.685000 12.708000 492.703000 1248.583000 1610.188000 1566.169000 1457.304000
313 10.176000 8.807000 7.703000 8.568000 11.061000 493.045000 1248.018000 1613.949000 1565.853000 1459.439000
314 14.772000 9.672000 9.418000 20.013000 9.648000 493.299000 1249.039000 1614.210000 1565.505000 1459.731000
315 13.853000 9.246000 9.088000 18.852000 6.509000 497.192000 1257.586000 1610.500000 1566.967000 1461.838000
316 10.039000 10.355000 9.814000 15.945000 10.715000 495.719000 1260.736000 1613.159000 1566.662000 1462.143000
317 19.253000 7.918000 9.502000 9.471000 5.746000 496.116000 1262.073000 1613.430000 1568.166000 1462.505000
318 11.984000 18.348000 9.381000 26.569000 8.069000 500.152000 1261.660000 1611.834000 1567.910000 1464.612000
319 8.100000 13.985000 11.072000 23.702000 6.725000 500.508000 1266.651000 1610.219000 1567.596000 1464.866000
320 9.803000 9.433000 16.552000 19.018000 12.616000 500.881000 1273.323000 1610.438000 1569.102000 1465.092000
321 12.725000 9.198000 19.150000 14.144000 9.536000 499.338000 1285.586000 1608.804000 1567.021000 1466.951000
322 9.263000 8.832000 9.960000 7.721000 6.471000 503.425000 1303.480000 1607.202000 1574.045000 1480.071000
323 9.901000 10.183000 9.903000 10.385000 10.695000 505.694000 1312.484000 1612.987000 1575.589000 1480.293000
324 10.391000 10.224000 9.837000 9.406000 7.507000 505.983000 1319.338000 1611.356000 1575.171000 1485.914000
325 9.109000 9.620000 9.811000 13.904000 11.752000 506.314000 1321.965000 1609.779000 1574.604000 1489.841000
326 9.596000 9.198000 10.616000 7.405000 6.825000 506.663000 1328.734000 1609.939000 1575.848000 1491.935000
327 11.900000 19.985000 8.902000 8.302000 20.197000 505.104000 1335.615000 1608.230000 1573.726000 1498.268000
328 10.361000 12.152000 8.841000 7.288000 23.992000 505.437000 1340.632000 1606.655000 1575.303000 1502.243000
329 9.183000 7.973000 8.910000 9.759000 24.504000 505.786000 1342.064000 1606.858000 1576.805000 1504.307000
330 9.400000 7.814000 8.967000 8.649000 26.771000 506.133000 1341.227000 1605.155000 1574.350000 1508.270000
332 14.032000 10.400000 9.309000 8.052000 33.574000 510.551000 1353.141000 1603.321000 1582.773000 1516.038000
333 9.296000 10.179000 9.322000 14.396000 30.446000 511.001000 1356.378000 1607.122000 1582.487000 1517.929000
334 9.671000 9.824000 16.648000 6.159000 34.634000 513.187000 1364.260000 1605.503000 1582.215000 1518.234000
335 20.930000 9.150000 23.725000 10.662000 32.956000 515.819000 1361.723000 1605.622000 1583.776000 1518.452000
336 10.368000 16.080000 9.739000 9.659000 38.930000 514.354000 1364.828000 1602.138000 1583.518000 1520.164000
337 10.772000 13.847000 13.329000 8.669000 43.243000 525.134000 1369.783000 1601.722000 1583.234000 1520.381000
338 17.527000 9.679000 9.795000 13.213000 40.139000 529.234000 1371.148000 1601.904000 1584.801000 1520.664000
339 8.052000 9.750000 7.939000 6.799000 37.010000 533.011000 1370.736000 1598.195000 1584.511000 1522.844000
340 9.290000 9.399000 9.763000 16.783000 35.819000 540.873000 1377.448000 1598.320000 1586.039000 1523.158000
341 14.838000 11.122000 10.740000 11.475000 32.732000 543.200000 1376.998000 1598.629000 1585.570000 1523.413000
342 11.218000 9.553000 10.883000 12.473000 29.642000 554.681000 1390.966000 1595.122000 1590.861000 1530.992000
343 10.549000 9.755000 9.436000 24.652000 30.393000 562.717000 1390.582000 1601.018000 1590.637000 1529.490000
344 15.028000 9.767000 18.858000 18.265000 27.357000 567.076000 1397.676000 1599.021000 1592.225000 1531.623000
345 10.178000 19.530000 15.559000 15.640000 20.445000 573.276000 1402.863000 1601.352000 1591.993000 1533.865000
346 10.923000 14.049000 20.313000 16.892000 21.136000 571.812000 1406.246000 1597.875000 1591.728000 1534.233000
347 11.661000 10.473000 13.189000 19.751000 21.806000 577.866000 1408.541000 1597.822000 1593.417000 1534.548000
348 9.374000 9.377000 19.319000 20.904000 18.800000 578.418000 1408.170000 1598.110000 1593.175000 1536.855000
349 10.910000 15.457000 19.801000 20.186000 17.699000 573.289000 1415.311000 1594.640000 1594.332000 1536.572000
350 10.659000 15.906000 25.944000 17.628000 12.818000 577.568000 1416.846000 1594.993000 1593.924000 1536.791000
351 13.993000 13.129000 12.173000 23.614000 11.698000 578.157000 1416.399000 1595.303000 1595.573000 1539.001000
352 10.007000 9.892000 35.255000 26.582000 10.588000 580.519000 1429.070000 1593.707000 1600.999000 1544.596000
353 10.175000 10.615000 18.857000 27.892000 5.690000 579.173000 1432.510000 1597.808000 1600.713000 1543.075000
354 10.505000 17.401000 11.855000 31.013000 10.195000 579.689000 1436.014000 1596.315000 1602.337000 1545.409000
355 18.482000 14.369000 10.701000 36.057000 10.982000 586.872000 1436.795000 1596.524000 1602.081000 1547.556000
356 14.917000 9.378000 8.178000 33.514000 6.092000 587.437000 1436.197000 1594.846000 1601.769000 1547.799000
357 11.574000 10.455000 10.829000 27.233000 12.570000 588.042000 1439.542000 1593.356000 1607.272000 1548.180000
358 15.728000 9.338000 9.546000 19.044000 11.340000 590.400000 1443.022000 1591.835000 1610.788000 1550.483000
359 10.369000 10.131000 8.322000 14.607000 10.274000 590.980000 1442.751000 1592.214000 1612.485000 1550.666000
360 11.049000 9.387000 10.963000 6.398000 7.270000 589.614000 1453.700000 1590.641000 1616.048000 1551.013000
361 15.273000 10.257000 10.472000 8.698000 11.920000 588.316000 1457.089000 1588.465000 1619.548000 1551.396000
362 8.423000 10.969000 11.105000 13.666000 7.034000 598.308000 1476.990000 1588.806000 1630.673000 1557.393000
363 10.795000 17.916000 9.777000 7.320000 5.855000 598.875000 1480.298000 1592.479000 1634.159000 1559.683000
364 11.457000 14.914000 8.439000 8.498000 12.227000 599.278000 1485.622000 1590.933000 1637.669000 1560.023000
365 10.067000 10.184000 11.061000 7.779000 5.498000 597.955000 1501.832000 1588.957000 1639.237000 1562.271000
366 8.441000 9.549000 18.200000 8.958000 11.853000 598.465000 1503.422000 1589.317000 1640.890000 1562.396000
367 26.071000 10.381000 26.423000 8.362000 10.792000 598.875000 1512.552000 1587.368000 1638.767000 1564.563000
368 9.501000 9.313000 11.918000 15.138000 7.698000 599.382000 1517.708000 1585.852000 1640.208000 1563.007000
369 9.654000 10.531000 12.664000 6.942000 10.380000 594.165000 1519.314000 1585.598000 1641.815000 1565.136000
370 11.113000 9.724000 9.694000 12.134000 11.245000 600.294000 1522.931000 1582.159000 1639.668000 1567.296000
371 10.743000 10.924000 11.205000 6.965000 6.313000 600.813000 1525.979000 1582.165000 1641.429000 1565.734000
372 9.998000 16.282000 10.185000 14.186000 12.940000 603.200000 1540.949000 1582.553000 1646.837000 1573.773000
373 9.556000 15.678000 11.202000 5.969000 13.469000 603.645000 1544.309000 1586.859000 1648.561000 1573.720000
374 9.553000 11.101000 10.197000 11.163000 20.035000 605.995000 1547.760000 1585.353000 1648.359000 1574.085000
375 16.241000 11.065000 11.360000 10.714000 21.039000 610.107000 1551.384000 1583.905000 1648.197000 1576.487000
376 11.458000 10.846000 11.080000 10.223000 20.040000 610.833000 1556.243000 1584.235000 1650.005000 1576.553000
377 12.454000 10.518000 10.199000 9.839000 36.316000 609.609000 1556.072000 1580.824000 1649.882000 1576.892000
378 14.785000 8.641000 11.422000 9.253000 43.097000 610.242000 1557.662000 1581.260000 1649.687000 1579.198000
379 11.362000 10.142000 8.623000 8.749000 45.985000 610.664000 1560.922000 1581.271000 1649.569000 1577.678000
380 10.387000 10.018000 10.076000 16.102000 52.786000 609.361000 1564.366000 1579.829000 1651.327000 1579.984000
381 13.562000 18.143000 9.947000 7.143000 59.747000 610.014000 1562.266000 1578.355000 1651.148000 1582.351000
382 11.064000 14.152000 15.095000 6.779000 74.272000 614.186000 1573.256000 1576.833000 1654.657000 1586.307000
383 10.416000 10.010000 24.144000 29.674000 86.893000 614.901000 1569.114000 1585.069000 1656.390000 1588.575000
384 11.905000 12.114000 19.546000 27.276000 95.655000 615.612000 1570.862000 1589.316000 1658.142000 1590.917000
385 9.940000 10.184000 9.182000 26.992000 104.492000 618.448000 1568.104000 1589.835000 1657.990000 1591.305000
386 13.913000 10.174000 11.415000 24.744000 103.569000 623.040000 1565.943000 1588.379000 1659.809000 1591.689000
387 8.703000 10.828000 10.857000 18.537000 104.648000 627.736000 1565.680000 1592.753000 1657.486000 1592.090000
388 11.279000 11.191000 10.446000 18.402000 109.337000 632.477000 1563.496000 1594.983000 1659.250000 1594.563000
389 10.198000 11.442000 10.055000 14.175000 112.323000 635.203000 1561.409000 1597.382000 1661.056000 1595.010000
390 11.422000 18.256000 9.805000 8.010000 113.415000 646.029000 1559.294000 1597.642000 1660.875000 1596.648000
391 10.577000 14.924000 10.244000 14.886000 114.453000 642.917000 1559.162000 1596.122000 1660.767000 1597.068000
392 15.918000 29.482000 10.079000 8.723000 119.517000 657.565000 1563.003000 1598.261000 1666.558000 1603.317000
393 11.438000 10.310000 9.685000 14.412000 118.706000 666.161000 1560.881000 1606.714000 1666.307000 1605.757000
394 10.645000 8.863000 11.315000 8.247000 117.889000 672.745000 1558.768000 1605.218000 1666.121000 1606.192000
395 16.275000 11.405000 8.835000 13.897000 113.075000 681.010000 1557.790000 1605.475000 1667.979000 1606.623000
396 9.768000 10.292000 11.286000 5.783000 112.229000 681.779000 1557.336000 1602.047000 1666.632000 1607.063000
397 12.070000 11.116000 19.133000 13.651000 119.516000 682.632000 1554.670000 1602.237000 1668.501000 1609.419000
398 17.987000 9.865000 28.822000 5.531000 114.726000 681.525000 1552.398000 1600.818000 1668.370000 1609.792000
399 10.204000 16.849000 10.662000 35.129000 113.939000 684.437000 1550.289000 1601.081000 1670.250000 1610.268000
400 10.748000 15.806000 14.436000 26.941000 113.183000 685.341000 1549.758000 1599.579000 1668.171000 1610.445000
401 19.520000 10.442000 11.253000 20.332000 110.479000 684.594000 1547.623000 1598.166000 1670.027000 1612.891000
402 10.124000 11.581000 9.165000 14.233000 111.681000 687.492000 1551.450000 1599.117000 1673.819000 1617.351000
403 10.778000 10.462000 11.181000 8.112000 113.037000 690.465000 1547.369000 1603.403000 1675.711000 1619.782000
404 19.755000 11.299000 11.135000 8.085000 110.272000 689.436000 1547.254000 1601.962000 1675.615000 1620.202000
405 10.248000 10.396000 11.196000 8.018000 107.542000 690.373000 1545.167000 1602.561000 1677.387000 1620.664000
406 10.702000 11.031000 11.761000 7.898000 104.837000 689.287000 1544.641000 1599.157000 1675.263000 1621.115000
407 15.566000 11.990000 11.584000 7.873000 100.124000 690.234000 1540.571000 1599.689000 1677.161000 1623.575000
408 11.855000 14.965000 11.491000 9.910000 97.311000 689.045000 1540.500000 1599.716000 1678.821000 1624.048000
409 10.216000 15.712000 11.501000 9.907000 94.405000 689.868000 1538.397000 1598.263000 1678.722000 1624.553000
410 16.588000 10.431000 11.281000 9.962000 93.728000 688.782000 1538.331000 1596.452000 1676.599000 1625.000000
411 10.689000 11.243000 11.948000 10.770000 92.848000 697.809000 1534.045000 1594.989000 1678.071000 1627.403000
412 11.253000 11.929000 11.958000 10.713000 92.136000 720.907000 1540.015000 1595.591000 1683.954000 1639.864000
413 16.004000 16.449000 17.920000 10.669000 91.060000 725.881000 1535.950000 1597.591000 1685.788000 1642.407000
414 10.376000 15.857000 27.918000 16.601000 86.317000 732.801000 1535.825000 1598.178000 1685.666000 1644.876000
415 10.510000 16.464000 13.743000 14.515000 85.580000 737.755000 1535.253000 1596.695000 1685.570000 1649.273000
416 11.002000 11.266000 12.233000 8.405000 78.799000 744.617000 1533.139000 1595.036000 1685.480000 1649.356000
417 29.597000 16.308000 12.049000 30.401000 79.962000 749.590000 1531.056000 1593.564000 1687.029000 1655.937000
418 11.890000 17.208000 11.978000 28.301000 79.347000 750.507000 1528.567000 1593.792000 1686.918000 1658.031000
419 17.045000 10.039000 12.118000 22.284000 76.621000 759.597000 1529.856000 1592.361000 1686.806000 1662.640000
420 10.084000 11.476000 10.280000 24.438000 73.919000 760.571000 1527.300000 1590.936000 1686.433000 1667.189000
422 9.159000 16.141000 11.199000 9.573000 76.743000 785.057000 1528.961000 1589.775000 1692.504000 1676.441000
423 9.353000 11.889000 9.316000 9.720000 72.012000 796.491000 1526.943000 1592.473000 1692.456000 1676.989000
424 17.960000 9.281000 11.421000 11.901000 71.490000 805.766000 1524.831000 1593.114000 1694.418000 1677.480000
425 12.092000 10.633000 11.967000 14.113000 66.812000 806.810000 1522.702000 1591.136000 1692.206000 1678.014000
426 10.242000 16.332000 11.204000 6.084000 66.176000 814.060000 1522.535000 1589.644000 1694.294000 1680.631000
427 16.733000 13.654000 9.357000 14.469000 59.282000 825.422000 1524.633000 1588.317000 1694.242000 1679.063000
428 11.008000 10.995000 17.966000 6.250000 58.726000 834.799000 1526.260000 1588.936000 1695.935000 1681.616000
429 12.110000 10.832000 30.712000 14.596000 66.457000 842.055000 1524.227000 1587.541000 1695.901000 1682.126000
430 17.205000 10.350000 14.619000 6.470000 67.874000 847.421000 1528.106000 1586.160000 1695.881000 1684.514000
431 11.945000 11.934000 17.698000 8.021000 71.329000 858.820000 1528.166000 1588.021000 1695.821000 1685.044000
432 11.414000 12.347000 14.139000 10.290000 76.932000 868.157000 1538.461000 1586.685000 1702.064000 1689.807000
433 15.532000 12.172000 10.499000 10.504000 80.491000 867.264000 1536.476000 1591.371000 1701.727000 1692.305000
434 11.207000 11.966000 11.103000 10.744000 86.316000 870.364000 1540.565000 1589.982000 1701.668000 1692.785000
435 11.039000 14.435000 11.809000 12.948000 89.934000 871.973000 1538.569000 1590.662000 1703.693000 1693.283000
436 9.366000 16.330000 11.231000 7.065000 89.379000 873.089000 1538.666000 1589.074000 1703.369000 1693.824000
437 11.210000 12.035000 11.875000 11.425000 93.039000 872.077000 1536.730000 1585.667000 1703.329000 1696.363000
438 10.667000 12.208000 12.427000 5.517000 92.588000 875.204000 1536.604000 1586.424000 1703.269000 1696.879000
439 12.171000 12.123000 10.913000 16.107000 90.020000 873.971000 1534.588000 1584.921000 1705.166000 1697.414000
440 16.157000 12.055000 11.553000 8.083000 87.400000 874.958000 1532.577000 1585.632000 1705.096000 1697.903000
441 11.699000 12.424000 10.783000 9.418000 84.839000 878.043000 1530.560000 1584.306000 1702.993000 1700.590000
442 11.537000 10.344000 11.268000 20.041000 86.410000 883.291000 1534.801000 1582.934000 1711.358000 1705.297000
443 11.244000 12.189000 11.923000 14.148000 83.684000 882.326000 1533.181000 1587.837000 1711.323000 1705.801000
444 14.884000 14.403000 18.761000 8.210000 81.113000 883.375000 1531.118000 1584.015000 1711.075000 1708.494000
445 10.564000 18.365000 31.765000 16.850000 78.448000 882.276000 1531.192000 1584.782000 1711.044000 1709.042000
446 12.318000 11.738000 18.499000 8.762000 77.828000 883.258000 1529.199000 1583.362000 1711.047000 1707.541000
447 18.064000 11.818000 10.667000 19.336000 73.077000 882.187000 1527.184000 1583.698000 1717.265000 1710.240000
448 11.255000 11.775000 11.186000 17.599000 72.070000 883.297000 1525.221000 1582.325000 1719.283000 1710.756000
449 11.177000 9.594000 9.540000 15.739000 69.407000 884.275000 1525.227000 1580.967000 1723.317000 1713.339000
450 17.002000 11.905000 12.193000 9.789000 66.866000 885.444000 1523.135000 1581.573000 1725.373000 1711.773000
451 15.792000 16.216000 11.472000 37.923000 66.365000 886.559000 1521.161000 1580.108000 1727.408000 1714.490000
452 12.246000 12.345000 12.103000 29.854000 65.872000 894.110000 1525.329000 1576.675000 1742.127000 1721.349000
453 13.136000 15.286000 21.187000 23.866000 65.413000 895.354000 1520.953000 1583.659000 1742.108000 1719.807000
454 12.657000 17.599000 24.072000 17.974000 62.923000 894.549000 1521.106000 1582.334000 1748.375000 1723.328000
455 9.676000 9.586000 10.288000 9.990000 60.414000 896.779000 1519.146000 1580.531000 1750.535000 1723.983000
456 11.014000 10.643000 18.239000 10.475000 57.868000 900.191000 1519.086000 1579.113000 1750.478000 1724.519000
457 12.622000 11.351000 19.278000 10.907000 57.296000 901.420000 1517.116000 1579.574000 1750.516000 1727.265000
458 9.746000 11.639000 18.052000 13.475000 52.715000 902.669000 1514.685000 1578.084000 1750.531000 1727.742000
459 11.348000 12.590000 10.446000 7.635000 50.180000 904.004000 1512.743000 1576.757000 1752.516000 1728.347000
460 11.038000 10.936000 34.421000 16.616000 47.634000 903.099000 1510.099000 1577.639000 1752.520000 1728.894000
461 23.707000 11.631000 19.321000 9.901000 45.061000 904.440000 1510.299000 1576.367000 1752.549000 1729.445000
462 17.225000 12.687000 26.798000 8.260000 46.862000 911.932000 1511.989000 1577.064000 1758.969000 1734.345000
463 10.999000 17.777000 8.805000 10.779000 46.076000 911.029000 1509.850000 1579.843000 1758.985000 1736.989000
464 11.438000 12.377000 12.150000 7.025000 45.665000 910.267000 1509.835000 1578.573000 1756.650000 1737.549000
465 9.842000 11.735000 11.161000 16.123000 40.999000 911.616000 1507.793000 1579.453000 1758.801000 1740.308000
466 12.473000 10.869000 11.002000 8.226000 40.602000 915.029000 1505.740000 1578.143000 1758.842000 1740.764000
467 38.950000 9.775000 12.309000 17.575000 38.175000 914.169000 1504.185000 1574.553000 1758.947000 1739.225000
468 12.045000 11.197000 11.342000 7.435000 33.514000 915.518000 1501.907000 1575.306000 1761.168000 1741.978000
469 12.450000 11.867000 12.640000 10.136000 33.150000 914.650000 1501.744000 1573.990000 1759.031000 1742.607000
470 10.994000 10.806000 11.782000 14.753000 26.252000 911.638000 1499.118000 1574.283000 1761.225000 1745.021000
471 11.660000 16.792000 11.664000 7.928000 25.930000 910.846000 1497.156000 1572.960000 1761.143000 1745.635000
472 12.467000 17.802000 12.778000 14.899000 31.976000 931.488000 1501.283000 1571.664000 1767.583000 1750.509000
473 19.834000 12.438000 11.893000 9.069000 27.419000 930.679000 1499.272000 1581.095000 1767.550000 1753.211000
474 12.015000 11.592000 13.152000 9.615000 24.881000 940.558000 1495.196000 1581.579000 1767.306000 1753.700000
475 12.762000 12.699000 20.709000 10.105000 24.575000 948.343000 1495.302000 1582.424000 1767.337000 1754.326000
476 17.591000 11.510000 33.251000 14.874000 19.884000 953.887000 1493.344000 1583.240000 1769.520000 1754.936000
477 11.724000 15.196000 19.558000 6.902000 17.450000 955.218000 1493.417000 1586.149000 1769.304000 1755.570000
478 10.094000 18.498000 33.335000 20.304000 14.595000 965.232000 1491.316000 1586.936000 1769.332000 1756.215000
479 19.098000 17.450000 15.309000 18.750000 14.169000 970.646000 1487.227000 1589.863000 1769.386000 1759.014000
480 11.371000 23.335000 12.121000 15.112000 11.658000 973.995000 1487.373000 1590.755000 1769.375000 1757.345000
481 11.947000 17.957000 12.253000 12.739000 11.368000 977.577000 1485.405000 1593.760000 1771.510000 1760.058000
482 14.698000 14.705000 11.296000 28.300000 13.161000 987.445000 1489.802000 1594.647000 1777.855000 1767.177000
483 16.008000 12.037000 12.694000 22.479000 6.370000 988.809000 1487.950000 1601.987000 1777.871000 1765.363000
484 13.000000 11.255000 11.839000 20.968000 6.130000 988.018000 1486.030000 1598.526000 1777.962000 1768.167000
485 12.607000 12.627000 11.057000 17.352000 14.572000 989.433000 1486.213000 1599.220000 1777.980000 1768.810000
486 10.282000 12.762000 13.294000 11.371000 11.834000 988.619000 1484.176000 1597.533000 1778.052000 1769.442000
487 12.414000 12.106000 12.722000 7.704000 13.663000 985.692000 1482.210000 1598.365000 1778.152000 1772.167000
488 12.903000 11.531000 12.144000 17.141000 43.635000 985.013000 1480.193000 1597.044000 1780.409000 1772.903000
489 11.182000 11.247000 11.576000 9.212000 52.064000 988.585000 1478.225000 1597.512000 1781.306000 1771.392000
490 11.279000 17.486000 13.072000 14.272000 49.662000 990.137000 1476.260000 1596.310000 1779.197000 1774.205000
491 11.407000 14.810000 13.197000 7.808000 53.738000 989.432000 1477.505000 1595.064000 1781.515000 1774.844000
492 11.631000 12.553000 23.505000 17.374000 53.466000 999.607000 1479.953000 1593.848000 1787.813000 1781.872000
493 18.984000 12.181000 33.930000 9.453000 57.627000 994.530000 1477.686000 1596.939000 1787.912000 1780.349000
494 13.054000 11.929000 24.680000 14.623000 55.173000 996.042000 1477.954000 1597.524000 1785.780000 1783.223000
495 11.799000 12.040000 6.802000 6.696000 50.690000 1004.089000 1475.817000 1596.306000 1788.055000 1786.134000
496 19.823000 11.791000 11.626000 16.351000 50.489000 1001.099000 1471.641000 1594.959000 1788.104000 1786.725000
497 10.230000 11.752000 13.341000 8.495000 48.136000 1002.629000 1471.973000 1595.750000 1790.169000 1785.158000
498 11.741000 12.062000 13.053000 9.445000 52.330000 1004.021000 1470.043000 1594.194000 1790.276000 1788.033000
499 17.862000 18.785000 12.702000 19.271000 47.766000 1005.503000 1467.985000 1590.780000 1790.347000 1788.675000
500 13.115000 18.720000 18.904000 26.679000 45.415000 1004.914000 1468.359000 1591.764000 1790.107000 1789.276000
501 16.727000 12.209000 15.124000 19.894000 45.363000 1006.375000 1466.386000 1590.532000 1790.186000 1792.142000
502 18.229000 12.031000 19.030000 16.326000 42.962000 1010.214000 1468.947000 1589.005000 1796.850000 1803.780000
503 19.977000 11.894000 10.005000 8.497000 40.656000 1013.925000 1466.953000 1592.045000 1796.650000 1806.593000
504 14.882000 12.301000 9.776000 15.971000 38.150000 1013.274000 1467.264000 1593.020000 1796.740000 1811.273000
505 11.993000 12.405000 16.103000 8.057000 35.824000 1014.857000 1465.285000 1591.785000 1796.855000 1814.159000
506 11.460000 12.312000 14.523000 15.468000 33.404000 1014.113000 1461.172000 1589.783000 1796.960000 1819.173000
507 13.156000 12.800000 11.934000 7.422000 28.782000 1015.686000 1461.532000 1590.644000 1797.120000 1822.108000
508 12.965000 23.822000 29.064000 14.823000 34.834000 1014.993000 1459.510000 1589.397000 1799.425000 1824.955000
509 11.963000 23.807000 15.531000 6.851000 32.458000 1014.254000 1457.538000 1587.843000 1799.524000 1829.998000
510 13.384000 12.971000 24.167000 14.432000 30.067000 1011.363000 1457.745000 1586.555000 1799.685000 1834.964000
511 10.534000 12.704000 7.038000 8.083000 27.557000 1010.592000 1455.747000 1585.157000 1799.801000 1835.663000
512 12.218000 12.512000 13.469000 35.457000 25.128000 1023.193000 1458.285000 1585.978000 1804.039000 1842.890000
513 18.408000 12.697000 26.455000 31.959000 20.570000 1024.719000 1456.152000 1589.089000 1806.384000 1843.522000
514 13.456000 12.549000 8.554000 30.670000 20.386000 1021.800000 1456.501000 1587.756000 1806.382000 1841.998000
515 12.949000 12.279000 12.532000 29.321000 17.992000 1025.707000 1454.915000 1588.641000 1806.425000 1844.879000
516 19.077000 12.726000 13.135000 25.584000 13.463000 1027.159000 1457.422000 1584.846000 1808.687000 1845.617000
517 31.864000 19.366000 12.964000 19.830000 13.310000 1028.751000 1457.766000 1585.818000 1808.829000 1846.128000
518 13.687000 19.227000 12.673000 16.258000 15.400000 1030.172000 1460.298000 1591.775000 1808.905000 1850.019000
519 19.803000 12.732000 12.336000 6.067000 13.058000 1029.313000 1460.594000 1594.997000 1808.854000 1850.655000
520 12.760000 12.629000 11.932000 9.091000 10.631000 1035.242000 1460.935000 1593.777000 1808.667000 1851.097000
521 11.921000 12.604000 12.392000 7.026000 8.287000 1039.038000 1463.388000 1599.074000 1811.053000 1851.819000
522 20.200000 13.093000 12.066000 16.774000 17.007000 1058.182000 1474.615000 1602.075000 1813.144000 1859.068000
523 13.040000 12.948000 25.055000 8.838000 11.827000 1061.892000 1474.910000 1613.906000 1815.409000 1859.736000
524 21.404000 10.611000 11.434000 11.971000 11.638000 1067.763000 1473.042000 1614.848000 1815.529000 1858.012000
525 22.908000 10.965000 33.204000 6.250000 11.431000 1073.690000 1473.411000 1615.849000 1817.534000 1860.873000
526 13.681000 13.129000 15.997000 18.354000 6.777000 1081.814000 1471.479000 1618.954000 1817.636000 1861.542000
527 13.019000 17.294000 13.484000 10.461000 15.410000 1087.879000 1471.809000 1619.897000 1817.721000 1862.297000
528 12.287000 13.041000 13.218000 13.574000 13.013000 1089.419000 1469.814000 1620.791000 1817.847000 1864.989000
529 13.806000 13.089000 12.881000 7.783000 8.399000 1086.518000 1465.657000 1623.455000 1817.982000 1865.609000
530 13.238000 10.787000 12.495000 17.630000 8.162000 1087.971000 1465.941000 1624.435000 1820.270000 1866.253000
531 12.542000 13.247000 10.705000 13.034000 16.809000 1089.457000 1463.984000 1625.411000 1820.405000 1866.894000
532 13.919000 13.262000 12.566000 7.258000 14.356000 1095.401000 1468.699000 1626.299000 1824.787000 1874.045000
533 12.075000 13.485000 12.325000 17.210000 11.992000 1094.726000 1464.549000 1639.818000 1824.867000 1874.806000
534 12.538000 11.742000 12.160000 9.268000 7.347000 1098.636000 1464.875000 1640.770000 1825.042000 1875.523000
535 13.169000 12.043000 12.122000 14.892000 14.007000 1102.493000 1462.970000 1641.855000 1827.385000 1876.272000
536 23.714000 19.629000 10.706000 6.978000 23.010000 1099.718000 1461.074000 1642.869000 1833.469000 1879.192000
537 12.107000 13.945000 10.797000 19.508000 25.340000 1101.401000 1461.531000 1639.463000 1835.876000 1879.961000
538 13.702000 12.435000 13.032000 13.904000 29.929000 1103.049000 1459.705000 1640.519000 1838.374000 1878.415000
539 20.521000 10.944000 31.237000 6.003000 34.535000 1104.711000 1455.592000 1641.648000 1840.829000 1881.366000
540 13.797000 12.204000 15.627000 18.404000 34.583000 1099.635000 1458.695000 1640.555000 1845.578000 1882.127000
541 13.515000 17.504000 25.432000 13.967000 39.188000 1103.686000 1456.867000 1639.462000 1850.251000 1882.342000
542 18.494000 39.181000 9.764000 6.180000 41.541000 1110.065000 1461.720000 1649.501000 1861.865000 1889.979000
543 12.086000 13.072000 14.514000 28.092000 43.994000 1111.687000 1459.922000 1657.242000 1864.013000 1890.758000
544 12.683000 37.001000 14.912000 24.852000 46.355000 1111.155000 1458.053000 1662.884000 1866.438000 1891.538000
546 13.821000 23.389000 14.162000 20.463000 53.356000 1109.962000 1454.298000 1667.349000 1866.646000 1892.808000
547 12.082000 10.565000 12.243000 17.242000 51.136000 1111.751000 1452.316000 1672.358000 1869.065000 1893.577000
548 24.564000 13.948000 12.553000 9.430000 48.977000 1108.955000 1452.683000 1673.356000 1869.020000 1896.677000
549 13.477000 12.986000 12.733000 8.401000 44.433000 1106.168000 1450.846000 1674.487000 1869.142000 1897.378000
550 14.114000 14.096000 13.203000 28.017000 44.494000 1103.335000 1446.728000 1675.687000 1869.345000 1898.051000
551 28.579000 12.817000 14.376000 25.932000 37.698000 1100.505000 1447.253000 1674.452000 1869.523000 1898.796000
552 12.986000 14.219000 12.383000 18.137000 37.822000 1104.469000 1449.946000 1673.186000 1876.549000 1904.087000
553 13.857000 12.950000 12.717000 10.286000 35.026000 1101.663000 1450.349000 1678.939000 1876.760000 1906.995000
554 23.438000 20.822000 26.609000 11.486000 35.139000 1098.896000 1448.541000 1677.761000 1874.676000 1907.763000
555 12.626000 24.330000 13.289000 8.083000 39.802000 1098.242000 1444.237000 1676.631000 1877.071000 1908.516000
556 13.049000 13.697000 30.491000 18.461000 37.530000 1095.374000 1444.597000 1675.483000 1877.164000 1909.249000
557 18.393000 14.433000 10.369000 15.141000 33.014000 1092.577000 1442.842000 1674.378000 1877.320000 1909.818000
558 14.332000 11.270000 10.726000 7.293000 33.150000 1091.972000 1441.029000 1673.166000 1879.695000 1910.574000
559 12.832000 14.383000 11.116000 17.575000 28.614000 1089.168000 1441.540000 1674.306000 1879.853000 1911.298000
560 20.427000 12.888000 29.827000 14.176000 26.396000 1086.326000 1439.742000 1673.135000 1880.063000 1914.324000
561 14.308000 14.100000 17.169000 7.845000 26.478000 1083.488000 1437.981000 1671.970000 1877.931000 1914.961000
562 13.093000 12.600000 15.279000 20.400000 21.998000 1087.617000 1440.784000 1670.803000 1884.989000 1920.303000
563 20.726000 17.965000 20.248000 17.176000 19.698000 1084.786000 1438.981000 1674.215000 1885.129000 1921.002000
564 14.579000 21.834000 27.374000 16.020000 17.433000 1079.657000 1439.472000 1675.364000 1887.655000 1921.719000
565 14.281000 13.852000 9.602000 15.155000 24.498000 1079.201000 1441.097000 1674.300000 1887.852000 1924.707000
566 20.662000 12.613000 27.155000 9.655000 20.002000 1076.374000 1439.241000 1672.976000 1885.775000 1925.525000
567 13.276000 14.204000 11.609000 27.129000 17.815000 1073.573000 1437.377000 1671.858000 1888.247000 1926.315000
568 13.247000 13.312000 17.068000 23.876000 17.339000 1070.813000 1435.605000 1670.750000 1888.442000 1924.748000
569 20.914000 12.537000 20.157000 23.033000 12.918000 1070.384000 1433.836000 1669.702000 1888.653000 1927.579000
570 13.986000 11.883000 41.850000 19.690000 13.105000 1067.679000 1432.080000 1668.506000 1891.060000 1928.354000
571 12.438000 13.406000 29.448000 17.906000 10.937000 1064.918000 1432.494000 1669.665000 1891.256000 1929.135000
572 22.517000 17.142000 16.316000 14.800000 6.432000 1066.954000 1435.348000 1668.053000 1893.842000 1936.993000
573 14.075000 21.780000 14.643000 9.236000 18.278000 1064.214000 1431.060000 1671.496000 1896.382000 1937.643000
574 12.735000 16.543000 15.545000 33.950000 13.854000 1061.481000 1431.469000 1670.445000 1896.638000 1938.399000
575 20.958000 13.461000 14.133000 40.116000 11.650000 1060.659000 1429.693000 1669.337000 1896.849000 1939.217000
576 12.307000 13.354000 15.827000 39.320000 11.796000 1060.256000 1427.807000 1669.050000 1897.147000 1940.046000
577 11.250000 12.816000 14.512000 33.893000 7.322000 1057.488000 1428.352000 1667.971000 1899.749000 1940.895000
578 21.439000 14.517000 13.100000 33.025000 17.074000 1052.410000 1426.557000 1669.188000 1900.053000 1941.716000
579 13.083000 14.395000 14.045000 39.354000 15.036000 1051.990000 1424.629000 1668.077000 1900.315000 1942.512000
580 11.491000 13.945000 15.065000 38.627000 12.970000 1049.251000 1420.539000 1664.639000 1900.498000 1945.641000
581 21.777000 13.416000 14.489000 34.374000 6.190000 1046.504000 1421.174000 1665.930000 1900.730000 1946.184000
582 13.300000 22.753000 15.324000 35.899000 6.376000 1050.826000 1423.897000 1664.833000 1908.040000 1951.547000
583 13.971000 14.983000 14.021000 28.093000 8.626000 1048.066000 1422.154000 1668.435000 1908.909000 1952.286000
584 14.769000 14.405000 14.915000 27.325000 18.368000 1042.908000 1422.666000 1669.727000 1909.123000 1952.880000
585 13.417000 14.066000 29.786000 19.524000 13.940000 1042.460000 1420.920000 1668.716000 1909.375000 1953.614000
586 11.789000 13.478000 15.072000 16.346000 39.780000 1039.739000 1419.145000 1667.583000 1909.590000 1956.824000
587 14.719000 12.656000 32.294000 8.611000 42.268000 1036.893000 1417.451000 1666.460000 1909.765000 1957.664000
588 15.339000 12.687000 14.473000 10.153000 47.121000 1038.788000 1415.693000 1665.365000 1910.020000 1958.504000
589 13.338000 14.406000 15.376000 14.033000 47.419000 1038.387000 1413.991000 1664.318000 1910.240000 1959.218000
590 14.054000 13.449000 13.987000 8.600000 45.314000 1038.021000 1418.127000 1663.242000 1912.780000 1964.279000
591 12.807000 20.652000 15.618000 15.995000 52.549000 1039.945000 1416.342000 1664.461000 1912.790000 1967.531000
592 18.402000 15.475000 14.361000 8.249000 57.460000 1048.871000 1416.915000 1663.364000 1917.746000 1980.253000
593 14.753000 14.921000 15.296000 9.916000 60.126000 1050.705000 1417.353000 1664.659000 1918.042000 1982.773000
594 13.378000 14.706000 16.314000 16.360000 69.723000 1047.963000 1415.588000 1665.916000 1918.293000 1988.368000
595 23.347000 14.138000 14.957000 6.267000 65.288000 1054.398000 1413.831000 1664.671000 1918.301000 1991.509000
596 14.844000 13.446000 16.801000 10.080000 65.569000 1051.645000 1412.099000 1663.546000 1920.824000 1996.860000
597 14.661000 13.716000 17.911000 16.553000 61.217000 1048.969000 1412.720000 1662.479000 1921.146000 2000.027000
598 21.261000 13.343000 16.726000 8.766000 60.815000 1046.244000 1411.037000 1663.769000 1921.402000 2003.251000
599 13.712000 13.163000 18.108000 15.114000 58.756000 1045.792000 1406.967000 1662.739000 1919.258000 2003.962000
600 18.534000 27.919000 9.911000 7.322000 54.336000 1043.081000 1407.622000 1661.608000 1921.860000 2004.709000
601 21.098000 20.831000 48.008000 15.048000 54.815000 1040.354000 1405.938000 1658.117000 1922.099000 2005.532000
602 19.086000 13.796000 32.559000 7.273000 50.422000 1042.415000 1413.765000 1659.468000 1927.152000 2011.109000
603 14.717000 14.419000 17.136000 11.402000 48.354000 1039.736000 1414.346000 1663.155000 1927.359000 2011.737000
604 22.950000 14.602000 16.285000 15.554000 53.665000 1037.057000 1415.037000 1662.106000 1930.059000 2012.549000
605 13.796000 14.509000 17.773000 7.770000 51.721000 1034.362000 1415.683000 1663.412000 1930.354000 2013.498000
606 14.565000 22.722000 10.401000 14.247000 52.167000 1031.716000 1418.800000 1665.711000 1930.681000 2014.407000
607 20.782000 28.003000 9.558000 6.548000 50.204000 1031.425000 1417.161000 1664.642000 1928.424000 2017.415000
608 14.656000 40.236000 11.110000 20.505000 43.396000 1028.739000 1422.586000 1663.526000 1931.217000 2018.247000
609 18.586000 14.369000 12.500000 17.562000 43.911000 1026.025000 1420.945000 1662.342000 1931.416000 2019.119000
610 22.304000 41.224000 13.963000 16.872000 41.955000 1020.936000 1423.987000 1661.003000 1931.704000 2017.509000
611 13.764000 10.213000 13.893000 15.537000 40.055000 1020.689000 1424.683000 1660.066000 1931.831000 2020.825000
612 14.855000 13.279000 15.428000 12.502000 38.110000 1022.786000 1430.194000 1659.072000 1939.321000 2026.557000
613 21.052000 13.664000 16.978000 45.492000 37.871000 1020.100000 1428.402000 1665.237000 1939.660000 2027.468000
614 15.151000 14.176000 15.966000 40.231000 38.304000 1017.453000 1426.765000 1664.078000 1939.907000 2028.397000
615 14.111000 15.169000 17.396000 34.950000 38.718000 1019.065000 1430.124000 1662.604000 1937.767000 2031.492000
616 22.467000 13.133000 19.747000 27.189000 34.361000 1016.416000 1428.384000 1659.088000 1940.482000 2032.357000
617 14.037000 13.569000 45.178000 19.485000 34.805000 1013.786000 1426.590000 1660.564000 1940.741000 2033.282000
618 13.129000 12.059000 27.434000 11.734000 32.899000 1008.656000 1422.340000 1659.564000 1941.008000 2034.156000
619 21.688000 22.511000 12.093000 6.505000 30.883000 1008.345000 1420.690000 1658.613000 1941.324000 2034.982000
620 15.482000 18.115000 11.270000 13.202000 26.491000 1005.606000 1421.273000 1657.645000 1944.063000 2035.795000
621 14.119000 13.979000 13.632000 6.976000 26.941000 1002.953000 1419.515000 1656.712000 1944.290000 2036.754000
622 15.212000 12.119000 15.059000 11.271000 24.857000 1005.018000 1422.630000 1658.091000 1951.715000 2042.422000
623 14.250000 14.846000 16.411000 15.444000 20.527000 1002.340000 1423.314000 1661.838000 1956.780000 2045.700000
624 13.116000 13.510000 15.570000 7.632000 25.821000 1002.017000 1421.619000 1660.721000 1959.477000 2046.353000
625 14.006000 13.902000 17.106000 14.323000 23.932000 999.339000 1419.949000 1659.728000 1964.416000 2047.191000
626 15.027000 14.081000 12.009000 6.553000 24.350000 996.587000 1418.241000 1658.756000 1967.139000 2048.009000
627 13.534000 14.924000 13.511000 20.463000 19.977000 991.476000 1416.463000 1657.671000 1969.775000 2048.611000
628 15.302000 24.996000 12.703000 15.126000 17.326000 991.112000 1414.741000 1656.632000 1972.498000 2049.486000
629 20.041000 18.464000 17.000000 9.866000 17.861000 988.446000 1415.539000 1662.944000 1975.065000 2050.363000
630 29.867000 14.642000 16.396000 14.302000 13.495000 985.756000 1411.460000 1661.956000 1980.904000 2051.232000
631 14.873000 15.368000 11.785000 8.060000 11.599000 985.499000 1412.179000 1668.247000 1983.683000 2052.077000
632 15.186000 13.566000 50.338000 10.015000 12.136000 987.703000 1415.267000 1669.741000 1988.702000 2060.400000
633 27.671000 14.761000 35.047000 7.195000 7.792000 982.531000 1420.917000 1680.956000 1991.529000 2061.355000
634 13.497000 15.688000 17.254000 9.211000 13.075000 982.375000 1421.520000 1682.233000 1991.783000 2062.285000
635 14.659000 14.518000 11.645000 6.371000 6.320000 982.099000 1419.917000 1686.989000 1992.091000 2063.259000
636 27.283000 13.431000 12.384000 18.288000 6.912000 979.521000 1425.583000 1685.530000 1989.845000 2063.991000
637 15.607000 24.253000 14.235000 15.600000 17.167000 976.891000 1426.380000 1684.473000 1992.607000 2064.901000
638 14.512000 17.803000 16.278000 7.898000 17.789000 974.274000 1429.661000 1683.458000 1992.977000 2065.766000
639 25.979000 14.510000 18.217000 15.086000 13.432000 971.702000 1427.954000 1682.499000 1993.339000 2066.683000
640 14.975000 15.385000 12.858000 7.395000 16.559000 971.508000 1434.457000 1683.959000 1996.121000 2069.762000
641 13.558000 13.740000 13.431000 18.256000 24.606000 968.891000 1437.730000 1683.059000 1996.488000 2070.781000
642 24.828000 15.115000 15.571000 15.531000 25.196000 971.127000 1450.850000 1682.113000 2001.826000 2076.640000
643 14.175000 13.816000 17.603000 15.259000 24.866000 968.378000 1451.616000 1686.134000 2002.169000 2075.328000
644 13.711000 15.195000 12.423000 15.211000 33.006000 965.741000 1452.469000 1685.167000 2002.311000 2076.310000
645 23.028000 14.436000 12.085000 10.034000 33.535000 963.015000 1453.245000 1684.263000 2002.735000 2079.634000
646 15.091000 22.915000 15.008000 39.842000 31.688000 960.405000 1454.099000 1683.341000 2002.662000 2080.620000
647 12.514000 19.218000 34.426000 34.716000 49.589000 960.121000 1452.383000 1681.923000 2003.056000 2081.573000
648 24.288000 13.516000 19.269000 27.040000 47.643000 957.481000 1458.187000 1680.865000 2003.215000 2082.543000
649 13.922000 12.634000 33.837000 24.379000 45.801000 954.901000 1459.039000 1682.391000 2003.536000 2083.578000
650 29.313000 14.446000 16.203000 16.762000 46.514000 952.293000 1459.917000 1681.479000 2006.256000 2084.472000
651 29.560000 13.831000 11.852000 10.285000 42.270000 949.701000 1458.348000 1680.519000 2006.610000 2085.470000
652 14.915000 15.603000 11.741000 15.237000 43.068000 949.556000 1461.737000 1679.566000 2011.797000 2091.416000
653 12.485000 14.589000 14.041000 7.629000 38.777000 949.450000 1462.739000 1683.623000 2012.178000 2095.024000
654 27.678000 14.090000 16.302000 15.026000 36.849000 946.905000 1461.126000 1680.180000 2012.359000 2096.045000
655 15.730000 23.638000 19.089000 4.969000 35.099000 946.574000 1462.062000 1681.785000 2010.253000 2097.054000
656 14.100000 18.094000 12.151000 10.099000 33.405000 943.993000 1465.440000 1680.892000 2012.993000 2098.039000
657 24.556000 15.398000 14.666000 17.678000 36.586000 941.441000 1463.808000 1679.850000 2013.408000 2096.429000
658 12.707000 14.857000 14.615000 7.595000 39.179000 938.860000 1462.206000 1678.917000 2013.700000 2099.918000
659 13.610000 14.316000 19.552000 15.246000 34.940000 936.305000 1460.669000 1677.939000 2014.080000 2100.957000
660 29.278000 14.127000 11.921000 7.680000 30.598000 933.745000 1459.137000 1676.977000 2014.168000 2101.976000
661 14.792000 16.052000 15.214000 16.182000 31.331000 931.175000 1457.530000 1676.032000 2014.564000 2103.031000
662 15.359000 15.481000 25.264000 8.611000 27.021000 933.711000 1461.008000 1675.149000 2019.933000 2109.059000
663 28.726000 12.754000 10.109000 16.118000 25.322000 933.590000 1461.976000 1679.276000 2020.375000 2109.972000
664 14.056000 24.810000 45.180000 8.501000 20.952000 931.078000 1460.438000 1681.945000 2020.455000 2113.464000
665 12.766000 19.097000 27.611000 13.529000 19.104000 928.502000 1461.575000 1681.089000 2023.387000 2114.494000
666 28.745000 13.886000 10.732000 5.968000 19.796000 925.837000 1459.939000 1680.212000 2023.465000 2115.568000
667 14.419000 15.916000 13.195000 23.552000 20.471000 920.759000 1463.290000 1679.309000 2023.847000 2116.581000
668 14.742000 12.868000 35.797000 15.964000 21.116000 920.725000 1464.135000 1678.411000 2024.233000 2117.569000
669 28.571000 12.978000 20.620000 10.842000 19.416000 918.192000 1465.127000 1675.024000 2022.130000 2118.491000
670 14.237000 27.720000 25.671000 15.769000 15.112000 915.582000 1466.013000 1674.123000 2025.025000 2116.978000
671 14.994000 19.691000 11.364000 9.204000 15.842000 913.015000 1469.457000 1675.755000 2025.430000 2120.074000
672 31.154000 39.844000 16.295000 16.734000 11.505000 915.536000 1480.355000 1674.853000 2030.658000 2126.100000
673 14.104000 13.876000 26.145000 14.210000 12.133000 918.004000 1481.269000 1679.030000 2031.020000 2126.989000
674 14.952000 53.417000 11.018000 11.602000 10.431000 917.909000 1482.200000 1678.152000 2031.152000 2127.740000
675 28.357000 22.952000 28.652000 49.613000 8.696000 920.013000 1480.658000 1677.221000 2031.586000 2133.564000
676 14.601000 9.607000 11.722000 47.048000 19.687000 920.000000 1479.061000 1676.253000 2033.288000 2137.142000
677 16.151000 14.374000 14.485000 39.472000 18.007000 919.985000 1477.523000 1677.947000 2033.682000 2143.267000
678 30.421000 14.377000 34.763000 34.420000 13.721000 922.572000 1475.985000 1676.995000 2036.466000 2144.358000
679 14.256000 16.276000 19.746000 26.778000 14.551000 922.587000 1474.426000 1676.127000 2036.878000 2147.706000
680 16.055000 15.939000 32.504000 19.215000 12.828000 922.556000 1472.771000 1675.221000 2037.132000 2153.860000
681 31.041000 16.329000 18.275000 15.410000 8.674000 922.540000 1473.793000 1674.411000 2037.572000 2157.421000
682 16.019000 13.864000 13.528000 7.842000 7.089000 927.578000 1474.922000 1673.470000 2042.800000 2168.761000
683 13.621000 21.486000 13.890000 15.736000 18.342000 925.074000 1475.884000 1675.168000 2043.298000 2169.699000
684 29.132000 24.561000 19.147000 5.622000 19.251000 922.555000 1474.358000 1676.923000 2043.649000 2173.219000
685 16.345000 14.060000 12.005000 13.621000 15.105000 920.002000 1472.740000 1676.126000 2044.064000 2174.263000
686 16.202000 16.336000 15.545000 8.628000 13.370000 917.538000 1471.162000 1675.270000 2044.261000 2175.334000
687 29.879000 16.630000 18.524000 14.009000 11.721000 914.989000 1469.702000 1674.465000 2044.696000 2176.295000
688 15.192000 14.047000 13.858000 6.511000 11.792000 915.046000 1468.119000 1673.664000 2045.097000 2177.372000
689 15.923000 16.627000 16.902000 14.445000 5.046000 912.543000 1463.975000 1672.823000 2045.561000 2177.927000
690 29.985000 14.355000 19.944000 6.940000 26.797000 910.016000 1467.934000 1671.953000 2045.801000 2178.897000
691 15.746000 14.668000 13.621000 10.704000 27.832000 907.474000 1466.340000 1671.109000 2046.282000 2179.953000
692 14.297000 45.505000 16.606000 8.182000 28.844000 910.205000 1469.906000 1670.284000 2051.747000 2186.205000
693 31.052000 20.485000 30.215000 13.593000 32.428000 907.684000 1468.358000 1674.598000 2052.225000 2187.308000
694 16.740000 20.542000 17.791000 5.975000 35.882000 902.616000 1466.833000 1676.183000 2052.428000 2188.285000
695 15.105000 18.111000 36.548000 11.330000 34.311000 904.677000 1465.333000 1677.980000 2052.848000 2189.353000
696 23.661000 16.081000 22.217000 19.244000 40.429000 902.115000 1463.719000 1677.163000 2053.164000 2190.436000
697 16.634000 16.043000 14.833000 11.669000 38.654000 899.651000 1462.165000 1676.369000 2056.243000 2191.359000
698 14.578000 16.235000 18.142000 16.869000 47.268000 897.165000 1460.692000 1675.475000 2056.662000 2194.806000
699 28.351000 16.761000 13.471000 9.388000 50.692000 894.658000 1459.211000 1674.682000 2057.142000 2195.810000
700 23.568000 16.946000 16.690000 17.367000 54.085000 892.105000 1457.662000 1673.856000 2057.211000 2196.863000
701 16.249000 16.873000 10.279000 16.452000 52.398000 889.561000 1456.159000 1673.024000 2057.669000 2197.978000
702 29.901000 25.165000 13.385000 8.932000 50.642000 892.274000 1459.790000 1672.207000 2063.114000 2217.085000
703 15.043000 25.196000 19.113000 14.274000 46.059000 889.632000 1458.274000 1676.505000 2063.542000 2220.347000
704 15.584000 14.967000 11.827000 6.689000 46.894000 887.131000 1459.378000 1673.096000 2063.906000 2223.998000
705 26.456000 15.621000 14.944000 47.945000 45.183000 887.143000 1457.872000 1674.735000 2064.405000 2227.583000
706 16.447000 15.906000 18.727000 40.379000 41.006000 884.554000 1456.300000 1673.588000 2064.723000 2231.281000
707 14.654000 16.074000 13.905000 43.103000 39.309000 882.062000 1454.770000 1672.621000 2065.166000 2234.527000
708 28.932000 14.390000 17.192000 40.750000 37.713000 879.384000 1453.205000 1671.615000 2070.661000 2235.681000
709 15.005000 14.945000 46.427000 35.885000 33.592000 876.813000 1451.719000 1670.457000 2071.086000 2244.506000
710 16.831000 15.251000 34.070000 28.433000 52.990000 874.275000 1450.341000 1669.597000 2076.596000 2247.753000
711 28.879000 26.354000 17.406000 21.989000 56.631000 871.732000 1448.895000 1668.590000 2079.698000 2251.508000
712 14.877000 26.827000 15.388000 16.979000 57.652000 874.346000 1452.551000 1667.653000 2092.947000 2265.642000
713 17.255000 16.850000 18.757000 9.380000 63.947000 871.840000 1451.099000 1677.229000 2096.045000 2269.411000
714 30.815000 15.050000 14.481000 17.582000 64.881000 869.425000 1447.045000 1679.041000 2096.548000 2272.889000
715 15.285000 15.897000 18.036000 9.989000 58.086000 888.203000 1448.560000 1683.554000 2102.388000 2276.572000
716 15.461000 16.311000 14.546000 15.568000 67.123000 883.092000 1449.615000 1685.370000 2105.331000 2280.310000
717 26.132000 14.667000 17.906000 7.973000 70.838000 880.667000 1448.194000 1684.366000 2105.880000 2284.137000
718 15.455000 15.446000 13.456000 13.570000 69.097000 880.770000 1446.797000 1686.016000 2106.172000 2285.276000
719 13.567000 16.305000 14.193000 6.119000 75.504000 878.193000 1445.372000 1690.451000 2106.762000 2286.128000
720 16.633000 28.436000 20.472000 14.399000 92.519000 875.753000 1443.991000 1689.642000 2107.285000 2287.256000
721 17.031000 47.842000 16.990000 8.920000 93.857000 873.353000 1442.561000 1691.491000 2107.785000 2291.023000
722 15.382000 17.022000 20.603000 17.247000 95.025000 873.640000 1446.425000 1695.816000 2112.955000 2294.812000
723 32.126000 18.306000 13.614000 9.693000 104.093000 873.817000 1444.978000 1701.472000 2113.383000 2303.880000
724 14.553000 16.584000 27.835000 18.181000 107.981000 871.288000 1443.492000 1700.695000 2113.918000 2305.011000
725 15.242000 14.861000 10.348000 10.765000 111.781000 868.771000 1442.051000 1699.978000 2117.010000 2306.203000
726 28.853000 13.606000 38.622000 16.564000 112.932000 866.318000 1440.583000 1699.201000 2117.544000 2307.169000
727 16.322000 17.147000 21.058000 9.093000 121.981000 863.877000 1438.962000 1698.373000 2118.073000 2308.330000
728 14.566000 15.628000 35.301000 17.533000 128.378000 861.321000 1437.512000 1697.624000 2118.654000 2309.406000
729 28.395000 19.537000 17.751000 10.180000 140.075000 858.868000 1436.038000 1696.812000 2119.215000 2310.587000
730 16.188000 33.611000 13.585000 18.575000 156.862000 856.458000 1434.604000 1695.932000 2119.802000 2311.780000
731 17.038000 15.929000 17.917000 12.456000 157.994000 853.842000 1433.137000 1695.126000 2120.317000 2312.968000
732 31.533000 17.284000 13.652000 18.241000 156.377000 856.652000 1436.949000 1694.355000 2125.961000 2319.086000
733 16.670000 15.427000 17.230000 10.746000 162.189000 854.160000 1435.549000 1698.846000 2126.535000 2320.311000
734 14.854000 13.702000 12.976000 19.248000 165.990000 851.578000 1434.067000 1697.999000 2126.965000 2321.459000
735 34.746000 30.742000 16.667000 14.480000 164.489000 851.806000 1432.571000 1697.237000 2127.554000 2322.594000
736 17.498000 23.677000 13.202000 6.923000 165.636000 849.411000 1431.138000 1696.445000 2128.127000 2323.666000
737 16.063000 37.722000 14.334000 52.358000 161.556000 846.903000 1429.667000 1695.698000 2128.669000 2324.576000
738 25.395000 10.106000 12.588000 50.194000 160.028000 844.447000 1430.730000 1694.904000 2129.196000 2325.657000
739 16.203000 58.418000 13.583000 47.929000 158.504000 841.936000 1429.221000 1694.039000 2129.700000 2332.103000
740 15.348000 27.641000 62.997000 40.550000 165.079000 842.091000 1430.573000 1693.254000 2130.238000 2335.868000
741 30.479000 21.115000 46.352000 36.961000 163.711000 839.580000 1429.217000 1692.483000 2130.614000 2339.296000
742 16.395000 16.955000 28.824000 29.391000 159.633000 839.785000 1433.142000 1691.687000 2136.543000 2353.895000
743 15.692000 15.352000 14.011000 21.915000 158.180000 840.034000 1431.592000 1696.080000 2137.003000 2357.646000
744 31.208000 16.958000 17.918000 17.038000 156.662000 834.814000 1430.147000 1695.215000 2137.526000 2358.772000
745 15.069000 15.810000 13.908000 9.511000 152.590000 835.099000 1428.739000 1694.545000 2138.151000 2365.443000
746 15.677000 17.216000 18.837000 15.524000 151.183000 832.564000 1427.414000 1693.576000 2138.717000 2366.282000
747 27.586000 13.949000 14.887000 8.071000 147.152000 830.107000 1425.983000 1692.915000 2139.356000 2370.265000
748 17.332000 31.194000 18.910000 16.734000 144.850000 827.636000 1424.638000 1691.925000 2139.987000 2371.384000
749 17.427000 46.126000 12.287000 9.282000 143.431000 825.244000 1423.157000 1691.008000 2143.331000 2372.542000
750 39.372000 15.708000 27.152000 18.044000 141.929000 822.850000 1421.615000 1692.820000 2143.935000 2373.787000
751 15.851000 17.100000 10.541000 9.492000 137.713000 820.357000 1420.271000 1691.997000 2144.584000 2377.352000
752 14.002000 15.952000 17.560000 4.798000 133.560000 823.444000 1429.703000 1692.213000 2150.633000 2381.107000
753 23.166000 15.503000 13.539000 13.611000 129.427000 823.710000 1431.032000 1694.197000 2151.242000 2382.294000
754 15.523000 17.312000 17.581000 8.924000 125.300000 826.678000 1432.294000 1693.505000 2151.822000 2383.515000
755 16.020000 16.281000 11.116000 14.933000 123.797000 829.960000 1433.451000 1692.747000 2152.409000 2384.753000
756 32.975000 15.453000 43.453000 7.521000 119.646000 827.607000 1434.681000 1691.982000 2153.056000 2385.994000
757 17.335000 22.580000 31.484000 16.459000 115.538000 833.362000 1435.972000 1691.149000 2153.679000 2387.032000
758 17.643000 40.329000 16.674000 6.369000 111.465000 830.888000 1437.347000 1690.303000 2154.056000 2388.159000
759 26.653000 9.950000 20.963000 17.669000 107.398000 831.253000 1435.885000 1689.598000 2154.630000 2389.368000
760 16.490000 17.054000 17.166000 10.345000 106.080000 834.218000 1442.545000 1688.826000 2155.276000 2390.554000
761 17.199000 15.941000 11.404000 17.646000 102.019000 831.851000 1441.105000 1690.838000 2155.901000 2391.795000
762 31.505000 15.576000 18.174000 10.200000 100.569000 834.943000 1445.027000 1689.933000 2159.176000 2398.139000
763 16.002000 17.008000 11.620000 16.259000 98.726000 832.404000 1443.642000 1691.762000 2162.305000 2399.350000
764 16.437000 15.969000 15.704000 11.568000 94.665000 829.953000 1442.173000 1690.720000 2162.846000 2400.546000
765 30.854000 18.117000 14.644000 20.622000 90.645000 827.544000 1443.698000 1689.948000 2163.323000 2401.716000
766 18.012000 19.926000 19.497000 15.892000 86.599000 825.189000 1442.320000 1691.854000 2163.931000 2402.944000
767 16.203000 35.085000 15.496000 8.466000 82.485000 822.809000 1440.972000 1691.059000 2164.218000 2403.836000
768 30.478000 18.294000 19.804000 22.608000 78.388000 820.378000 1439.569000 1690.260000 2162.021000 2404.997000
