1 1.871953
2 2.884997
3 3.945909
4 4.910013
5 5.963070
6 7.031081
7 9.127000
8 10.168965
9 11.235022
10 12.258987
11 13.251906
12 14.329016
13 16.489935
14 17.506092
15 18.629010
16 19.673929
17 20.742039
18 21.787958
19 22.829923
20 23.917073
21 24.962038
22 27.142956
23 28.209921
24 29.300078
25 30.346997
26 31.542008
27 32.484926
28 34.691083
29 35.772955
30 36.835920
31 37.993031
32 38.942889
33 39.983079
34 42.197951
35 43.253108
36 44.305027
37 45.360899
38 46.447056
39 47.487928
40 48.573085
41 50.765904
42 51.797915
43 52.871026
44 54.033944
45 55.047101
46 56.099020
47 57.163892
48 58.303049
49 60.473967
50 61.484084
51 63.750975
52 65.975973
53 67.068891
54 68.108048
55 69.187920
56 71.363077
57 72.489996
58 73.631106
59 74.618025
60 75.684943
61 77.865100
62 78.925919
63 80.065884
64 81.048041
65 83.245960
66 84.294117
67 85.339941
68 86.383085
69 87.464003
70 88.534922
71 90.735032
72 91.781951
73 92.837108
74 95.176980
75 96.219091
76 97.283009
77 99.508881
78 100.544992
79 102.887102
80 104.003021
81 105.033893
82 107.226050
83 108.306108
84 109.354085
85 110.582096
86 112.707015
87 113.766973
88 115.953083
89 117.039002
90 118.131112
91 120.281031
92 121.355903
93 123.550060
94 124.664932
95 125.785089
96 126.805961
97 129.003072
98 130.084037
99 131.186002
100 133.427112
101 134.513031
102 135.545902
103 137.735992
104 138.814957
105 141.093114
106 142.166032
107 143.234904
108 145.571061
109 146.665934
110 148.848090
111 149.938963
112 151.022881
113 153.220992
114 155.441102
115 156.537021
116 157.587051
117 159.812970
118 160.885080
119 163.061965
120 164.136963
121 166.368073
122 167.440992
123 169.652910
124 170.714921
125 172.937933
126 174.045043
127 176.256962
128 178.447119
129 179.544991
130 181.739101
131 182.844020
132 185.057925
133 186.144890
134 188.416093
135 189.499058
136 191.746023
137 192.847000
138 195.098965
139 196.269976
140 198.461941
141 199.602906
142 201.907109
143 204.105027
144 206.367992
145 207.451096
146 209.745915
147 211.982118
148 214.210083
149 215.315048
150 217.537013
151 219.823978
152 222.177943
153 223.303907
154 225.505945
155 227.750035
156 228.890000
157 231.304964
158 233.531929
159 234.640894
160 236.917097
161 238.087062
162 240.354027
163 242.631992
164 243.795957
165 246.007114
166 248.285979
167 249.381037
168 251.646001
169 253.921966
170 255.047024
171 257.368936
172 259.571098
173 260.686109
174 262.981074
175 264.032039
176 266.373004
177 268.633969
178 270.891933
179 272.027977
180 274.238942
181 276.532953
182 277.663918
183 279.957075
184 282.195040
185 283.299005
186 285.567970
187 287.859881
188 288.982893
189 291.200956
190 293.588013
191 294.701978
192 297.025943
193 299.320100
194 302.716065
195 305.064029
196 357.620994
197 360.998959
198 363.296924
199 365.572081
200 367.936046
201 394.736011
202 396.996975
203 399.280940
204 400.355905
205 402.609009
206 404.879940
207 405.957937
208 408.222949
209 410.505106
210 412.788070
211 413.883082
212 416.149046
213 418.450011
214 420.738976
215 421.850895
216 424.122098
217 426.416063
218 427.521981
219 429.801946
220 432.122911
221 434.426114
222 435.488079
223 437.759924
224 440.007107
225 442.394972
226 444.600030
227 445.733995
228 447.997960
229 450.302924
230 452.629889
231 454.938046
232 457.229011
233 458.321976
234 460.626941
235 463.017906
236 465.260063
237 467.564027
238 469.927992
239 472.143911
240 473.256114
241 475.522985
242 477.838036
243 480.140047
244 482.431912
245 484.747970
246 485.895981
247 488.185899
248 490.492911
249 492.793068
250 495.082032
251 497.405997
252 499.731962
253 500.861119
254 503.164084
255 505.559049
256 507.952060
257 509.054978
258 511.357009
259 513.657006
260 515.999971
261 518.321936
262 520.600901
263 522.926005
264 525.232963
265 527.545974
266 529.876939
267 532.175904
268 534.498107
269 536.810072
270 539.125036
271 541.489001
272 543.778966
273 546.082931
274 548.434896
275 550.699026
276 552.995102
277 555.329113
278 557.639078
279 560.013043
280 561.140008
281 563.445973
282 565.781885
283 568.107942
284 570.679907
285 573.031110
286 575.337075
287 577.661040
288 579.982005
289 582.300970
290 584.607934
291 586.943899
292 589.273056
293 591.549927
294 592.678938
295 595.006903
296 597.351007
297 599.659972
298 601.988937
299 604.354094
300 606.694005
301 610.197976
302 612.511065
303 614.856030
304 617.185941
305 619.521906
306 621.881063
307 624.206074
308 626.550039
309 628.875958
310 631.216081
311 633.542018
312 635.890937
313 638.224094
314 640.589059
315 642.923977
316 645.262088
317 647.722006
318 649.974117
319 652.306936
320 654.631980
321 656.999084
322 659.348095
323 661.691914
324 664.071925
325 666.407983
326 668.788040
327 671.119038
328 673.448982
329 675.820040
330 678.175097
331 680.511916
332 684.078927
333 686.440985
334 688.824042
335 691.173054
336 693.514111
337 695.865069
338 698.292981
339 701.792992
340 704.156050
341 706.552107
342 708.900926
343 711.315049
344 713.657093
345 715.937991
346 718.302095
347 720.665914
348 724.261925
349 726.694936
350 729.003994
351 731.374005
352 734.940063
353 737.307074
354 739.645893
355 742.043904
356 744.407961
357 747.982973
358 750.374030
359 752.728988
360 755.097092
361 758.673043
362 761.071988
363 763.400092
364 765.780911
365 768.143908
366 771.754058
367 774.112116
368 776.510935
369 778.879946
370 782.524004
371 784.865061
372 787.250072
373 790.852891
374 793.225081
375 795.636046
376 798.032011
377 801.593922
378 803.965045
379 806.298983
380 809.936994
381 812.378959
382 814.718924
383 817.123889
384 820.728900
385 823.112103
386 825.488922
387 829.128934
388 831.480898
389 833.861102
390 837.498066
391 839.888985
392 842.253950
393 845.891107
394 848.238118
395 851.881963
396 854.248098
397 857.846096
398 860.226008
399 863.844065
400 866.247030
401 869.844948
402 872.247913
403 874.643117
404 878.259081
405 880.687046
406 884.271011
407 886.679976
408 890.291941
409 892.704906
410 895.104109
411 898.716074
412 901.115039
413 903.449015
414 907.067072
415 909.498037
416 911.900902
417 915.532960
418 917.948971
419 920.348936
420 923.986901
421 926.408104
422 930.074069
423 932.485034
424 934.900999
425 938.632963
426 940.983928
427 944.614032
428 947.027043
429 949.453008
430 953.069038
431 955.450002
432 957.862967
433 961.561885
434 963.928089
435 967.589053
436 969.982018
437 973.640884
438 976.069941
439 979.700906
440 982.141109
441 984.562074
442 988.220039
443 990.679004
444 994.332969
445 998.020887
446 1000.466090
447 1004.084055
448 1006.460966
449 1010.140977
450 1012.560988
451 1017.533907
452 1021.164110
453 1024.838075
454 1028.564040
455 1032.161958
456 1035.849108
457 1039.588881
458 1043.198939
459 1046.891950
460 1050.608961
461 1056.736926
462 1060.434891
463 1062.863094
464 1066.557059
465 1068.942069
466 1072.610113
467 1075.036018
468 1078.715890
469 1081.144047
470 1084.819919
471 1088.517029
472 1090.971948
473 1094.690059
474 1097.111977
475 1100.792928
476 1103.256032
477 1106.932090
478 1109.386055
479 1113.079019
480 1115.537984
481 1119.250949
482 1121.668887
483 1125.331029
484 1128.994994
485 1131.436959
486 1135.159923
487 1137.581888
488 1141.295092
489 1143.718890
490 1147.389093
491 1149.844058
492 1153.565023
493 1155.985988
494 1159.688907
495 1162.137110
496 1165.857075
497 1168.330986
498 1172.000044
499 1175.712009
500 1178.123045
501 1181.839042
502 1184.273007
503 1187.982972
504 1191.713937
505 1194.165934
506 1197.888992
507 1200.371003
508 1204.083060
509 1207.832072
510 1210.270891
511 1214.223902
512 1216.682959
513 1220.394971
514 1222.879982
515 1226.577039
516 1230.318997
517 1232.801074
518 1236.499926
519 1240.227983
520 1242.700041
521 1246.442098
522 1250.199109
523 1252.663928
524 1256.369940
525 1260.135997
526 1262.590008
527 1266.357020
528 1270.097077
529 1272.591088
530 1276.326954
531 1280.157011
532 1282.580069
533 1286.338888
534 1290.159971
535 1292.552108
536 1296.290973
537 1298.861984
538 1302.573042
539 1306.351099
540 1308.879918
541 1312.591929
542 1316.323987
543 1318.827998
544 1322.571009
545 1326.332067
546 1330.094078
547 1332.584089
548 1336.391100
549 1340.112111
550 1343.860116
551 1426.787935
552 1430.526958
553 1434.277062
554 1436.792073
555 1440.560085
556 1444.341096
557 1448.122054
558 1450.658966
559 1454.379963
560 1458.171928
561 1461.962893
562 1465.740096
563 1468.268015
564 1471.992979
565 1475.804944
566 1479.625101
567 1482.090066
568 1485.861031
569 1489.678108
570 1493.368925
571 1497.184890
572 1499.737094
573 1503.482058
574 1507.288023
575 1511.097942
576 1514.882907
577 1517.411064
578 1522.456028
579 1526.234894
580 1530.050951
581 1532.560916
582 1536.363073
583 1540.176038
584 1543.988003
585 1547.813921
586 1551.612886
587 1555.356008
588 1559.164019
589 1561.678970
590 1565.487889
591 1569.278999
592 1573.121110
593 1576.960982
594 1580.770901
595 1583.315011
596 1587.145884
597 1590.975895
598 1594.770018
599 1598.531942
600 1602.349907
601 1606.174918
602 1609.975022
603 1613.798987
604 1617.571890
605 1621.388901
606 1625.238105
607 1629.063070
608 1632.902988
609 1636.754953
610 1640.545918
611 1644.352022
612 1646.891033
613 1650.741998
614 1654.566962
615 1658.427927
616 1662.262892
617 1666.110095
618 1669.968014
619 1673.811926
620 1677.630937
621 1681.451046
622 1685.319898
623 1689.165101
624 1693.000066
625 1696.849031
626 1700.684996
627 1704.610961
628 1708.372926
629 1712.229923
630 1716.160981
631 1719.955992
632 1723.807049
633 1727.727060
634 1731.504072
635 1735.367083
636 1739.285902
637 1743.060913
638 1746.913010
639 1750.744080
640 1754.624084
641 1758.475996
642 1762.409007
643 1766.205065
644 1770.090884
645 1773.934941
646 1777.797952
647 1781.708010
648 1785.580021
649 1790.712079
650 1794.583090
651 1799.752909
652 1804.936966
653 1808.829977
654 1812.673035
655 1817.825046
656 1821.684109
657 1826.862975
658 1830.711933
659 1835.884083
660 1841.106902
661 1846.298913
662 1850.162971
663 1855.338982
664 1859.202039
665 1864.371097
666 1868.263108
667 1873.453119
668 1878.642938
669 1882.537949
670 1886.394960
671 1891.645018
672 1896.812029
673 1900.670940
674 1904.583990
675 1909.770048
676 1913.636105
677 1917.517117
678 1922.718936
679 1926.644947
680 1931.821951
681 1935.691055
682 1940.908112
683 1946.093110
684 1951.280075
685 1955.202040
686 1960.411005
687 1964.306923
688 1969.497888
689 1973.424091
690 1977.255988
691 1982.484078
692 1986.384043
693 1990.298008
694 1995.491973
695 1999.405891
696 2003.310095
697 2008.546060
698 2012.477024
699 2016.398989
700 2021.549954
701 2025.498058
702 2029.454069
703 2033.334034
704 2038.534999
705 2042.444964
706 2047.685975
707 2052.943887
708 2058.128035
709 2062.049000
710 2071.251011
711 2076.503930
712 2080.443895
713 2085.716098
714 2090.977063
715 2094.874981
716 2100.139946
717 2104.064103
718 2109.362068
719 2113.275933
720 2117.171991
721 2122.461956
722 2126.373921
723 2130.318886
724 2135.609897
725 2139.500006
726 2143.416050
727 2148.745015
728 2152.666980
729 2156.590945
730 2161.897909
731 2165.800066
732 2169.794031
733 2173.729996
734 2179.021961
735 2182.967111
736 2186.936884
737 2190.882087
738 2194.907052
739 2198.790017
740 2202.946982
741 2208.240946
742 2212.184076
743 2216.155954
744 2221.482965
745 2225.348930
746 2229.350034
747 2234.611999
748 2238.576010
749 2242.583928
750 2247.859893
751 2251.819096
752 2257.116015
753 2261.080980
754 2266.399898
755 2270.365102
756 2274.350020
757 2279.707985
758 2283.638950
759 2287.621894
760 2292.883109
761 2296.880974
762 2300.837985
763 2306.196950
764 2310.138107
765 2315.468072
766 2319.460037
767 2323.473002
768 2328.745966
769 2332.726931
770 2336.758896
771 2342.098053
772 2346.044972
773 2350.025936
774 2355.398901
775 2359.388058
776 2363.405023
777 2368.711086
778 2372.704938
779 2378.020903
780 2421.244007
781 2427.958064
782 2433.315983
783 2442.698934
784 2446.689991
785 2452.052003
786 2456.056060
787 2461.389071
788 2465.529890
789 2470.759948
790 2474.780959
791 2480.135016
792 2484.170028
793 2488.173039
794 2493.514096
795 2497.484053
796 2502.846965
797 2506.816062
798 2512.192927
799 2516.202885
800 2521.562035
